Ne averages over 40 independent estimates.	Ne averages over 40 independent estimates.	Ne averages over 40 independent estimates.	Ne averages over 40 independent estimates.	Ne averages over 40 independent estimates.	Ne averages over 40 independent estimates.	Ne averages over 40 independent estimates.	Ne averages over 40 independent estimates.	Ne averages over 40 independent estimates.	Ne averages over 40 independent estimates.
Generation	Geometric_mean	Generation	Geometric_mean	Generation	Geometric_mean	Generation	Geometric_mean	Generation	Geometric_mean	Generation	Geometric_mean	Generation	Geometric_mean	Generation	Geometric_mean	Generation	Geometric_mean	Generation	Geometric_mean
1	98.035	1	121.645	1	127.506	1	158.28	1	128.103	1	107.206	1	159.979	1	124.748	1	149.889	1	102.025
2	98.035	2	121.645	2	127.506	2	158.28	2	128.103	2	107.206	2	159.979	2	124.748	2	149.889	2	102.025
3	98.035	3	121.645	3	127.506	3	158.28	3	128.103	3	107.206	3	159.979	3	124.748	3	149.889	3	102.025
4	98.035	4	121.645	4	127.506	4	158.28	4	128.103	4	107.206	4	159.979	4	124.748	4	149.889	4	102.025
5	2534.67	5	928.943	5	1441.74	5	329.147	5	726.669	5	1158.79	5	402.211	5	680.819	5	253.706	5	1032.71
6	2534.67	6	975.052	6	1441.74	6	340.757	6	747.999	6	1158.79	6	419.806	6	720.766	6	259.523	6	1032.71
7	2534.67	7	975.052	7	1441.74	7	365.699	7	837.745	7	1158.79	7	464.591	7	795.477	7	263.084	7	1032.71
8	2534.67	8	1026.38	8	1441.74	8	365.699	8	967.316	8	1158.79	8	535.222	8	795.477	8	263.084	8	1032.71
9	2535.54	9	1042.09	9	1460.46	9	969.928	9	1018.78	9	1257.89	9	975.103	9	943.168	9	922.248	9	1061.44
10	2570.66	10	1039.73	10	1492.72	10	1142.35	10	1040.84	10	1281.24	10	1030.41	10	937.827	10	1082.63	10	1055.22
11	2585.43	11	1038.96	11	1498.3	11	1134.39	11	1017.77	11	1286.79	11	1078.77	11	924.084	11	1121.07	11	1055.52
12	2588.14	12	1040.42	12	1501.08	12	1134.39	12	1017	12	1285.65	12	1063.96	12	925.15	12	1120.36	12	1054.88
13	2625.77	13	1075.03	13	1620.2	13	1189.78	13	1028.42	13	1336.09	13	1158.75	13	963.123	13	1163.59	13	1118.41
14	2641.22	14	1071.75	14	1666.13	14	1190.38	14	1044.79	14	1341.41	14	1169.58	14	994.65	14	1152.68	14	1136.19
15	2639.92	15	1073.21	15	1665.33	15	1196.83	15	1047.95	15	1338.61	15	1177.59	15	1016.74	15	1138.51	15	1149.53
16	2656.97	16	1064.87	16	1663.93	16	1200.24	16	1060.55	16	1340.47	16	1204.37	16	1025.08	16	1136.79	16	1145.22
17	2636.32	17	1063.38	17	1687.86	17	1220.28	17	1071.68	17	1305.54	17	1229.86	17	1058.69	17	1115.99	17	1132.21
18	2649.27	18	1092.78	18	1714.19	18	1253.52	18	1090.57	18	1298.55	18	1248.87	18	1080.25	18	1091.25	18	1148.95
19	2671.81	19	1109.31	19	1713.34	19	1262.19	19	1117.52	19	1292.4	19	1235.62	19	1094.69	19	1097.42	19	1153.13
20	2654.87	20	1104.45	20	1696.61	20	1260.45	20	1127.89	20	1289.32	20	1220.88	20	1098.65	20	1089.19	20	1146.95
21	2656.61	21	1099.03	21	1689.86	21	1242.53	21	1137.87	21	1273.49	21	1217.16	21	1097.52	21	1094.05	21	1137.53
22	2703.89	22	1072.45	22	1665.76	22	1235.37	22	1130.36	22	1252.18	22	1212.42	22	1089.17	22	1100.3	22	1130.91
23	2748.79	23	1055.98	23	1657.81	23	1228.39	23	1133.42	23	1243.06	23	1195.55	23	1095.55	23	1090.43	23	1125.84
24	2745.9	24	1052.94	24	1664.22	24	1225.81	24	1140.19	24	1224.16	24	1181.91	24	1095.83	24	1057.62	24	1113.7
25	2687.5	25	1061.52	25	1661.4	25	1224.1	25	1170.52	25	1176.83	25	1153.2	25	1097.01	25	1040.02	25	1104.11
26	2588.96	26	1066.55	26	1667.58	26	1237.64	26	1186.62	26	1155.64	26	1116.73	26	1103.19	26	1036.06	26	1106.32
27	2532.41	27	1075.95	27	1684.05	27	1228.37	27	1206.25	27	1135.91	27	1095.96	27	1121.6	27	1061.2	27	1095.51
28	2469.88	28	1073.44	28	1694.74	28	1215.51	28	1211.04	28	1107.32	28	1112.31	28	1132.64	28	1066.12	28	1099.72
29	2418.63	29	1081.44	29	1682.9	29	1207.6	29	1208.94	29	1100.46	29	1096.18	29	1148.55	29	1069.45	29	1109.52
30	2373.35	30	1089.57	30	1685.24	30	1186.17	30	1220.65	30	1097.17	30	1112.09	30	1162.04	30	1086.29	30	1105.06
31	2326.07	31	1101.08	31	1696.56	31	1169.34	31	1245.28	31	1094.49	31	1109.57	31	1152.75	31	1091.16	31	1098
32	2200.87	32	1115.65	32	1735.74	32	1152.35	32	1280.17	32	1089.07	32	1092.03	32	1133.96	32	1092.34	32	1069.8
33	2134.95	33	1125.7	33	1735.85	33	1133.98	33	1287.99	33	1082.94	33	1088.13	33	1139.04	33	1095.22	33	1060.18
34	2048.69	34	1142.1	34	1710.16	34	1125.74	34	1295.13	34	1067.42	34	1077.94	34	1112.76	34	1120.35	34	1053.86
35	1995.5	35	1139.95	35	1694.7	35	1116.46	35	1296.05	35	1057.44	35	1083.85	35	1092.76	35	1123.47	35	1035.76
36	1931.51	36	1128.02	36	1685.37	36	1105.72	36	1317.83	36	1046.98	36	1091.37	36	1101.29	36	1127.58	36	1039.93
37	1764.46	37	1128.35	37	1681.36	37	1083.34	37	1325.44	37	1027.85	37	1093.71	37	1110.49	37	1138.38	37	1032.11
38	1602.7	38	1137.71	38	1674.24	38	1050.23	38	1325.54	38	1020.22	38	1108.33	38	1114.22	38	1136.7	38	1032.78
39	1540.96	39	1137.09	39	1657.58	39	1036.98	39	1325.35	39	1006.95	39	1109.15	39	1128.7	39	1137.91	39	1030.63
40	1481.38	40	1124.81	40	1632.98	40	1032.66	40	1335.27	40	1020.35	40	1112.71	40	1136.94	40	1122.04	40	1029.38
41	1430.36	41	1122.67	41	1593.18	41	1022.52	41	1334.27	41	1031.44	41	1105.49	41	1144.26	41	1117.63	41	1027.76
42	1392.16	42	1110.4	42	1548.68	42	1001.94	42	1328.36	42	1033.37	42	1081.68	42	1156.67	42	1110.54	42	1027.47
43	1334.98	43	1106.52	43	1537.75	43	993.294	43	1297.77	43	1029.76	43	1064.03	43	1161	43	1108.43	43	1021.65
44	1296.31	44	1114.19	44	1512.98	44	977.919	44	1295.36	44	1027.17	44	1036.64	44	1146.58	44	1090.45	44	1016.52
45	1232.48	45	1129.7	45	1491.02	45	962.417	45	1275.43	45	1022.2	45	1011.66	45	1132.62	45	1072.4	45	1015.6
46	1221.07	46	1142.09	46	1451.6	46	974.75	46	1294.82	46	1019.7	46	993.801	46	1115.48	46	1059.31	46	988.798
47	1207.77	47	1115.71	47	1418.63	47	975.806	47	1322.29	47	1018.13	47	966.246	47	1125.95	47	1046.16	47	950.394
48	1185.35	48	1106.89	48	1385.22	48	981.67	48	1302.35	48	1015.85	48	940.615	48	1125.5	48	1040.83	48	943.698
49	1146.31	49	1111.97	49	1372.93	49	982.843	49	1310.01	49	1009.38	49	923.435	49	1121.79	49	1034.07	49	922.662
50	1135.11	50	1109.2	50	1377.2	50	982.844	50	1312.95	50	1014.31	50	916.802	50	1131.31	50	1035.66	50	913.038
51	1107.71	51	1131.4	51	1359.09	51	994.198	51	1304.56	51	1021.77	51	920.188	51	1126.33	51	1040.58	51	905.633
52	1094.47	52	1150.54	52	1309.21	52	1003.07	52	1298.52	52	1027.83	52	942.147	52	1125.33	52	1050.9	52	912.72
53	1062.27	53	1131.98	53	1279.6	53	986.583	53	1310.15	53	1037.52	53	951.338	53	1112.22	53	1068.84	53	908.004
54	1026.34	54	1113.85	54	1269.91	54	979.311	54	1279.9	54	1036.16	54	957.411	54	1100.33	54	1086.28	54	917.255
55	1013.86	55	1100.65	55	1263.56	55	988.426	55	1221.5	55	1033.27	55	927.28	55	1103.18	55	1074.97	55	915.501
56	980.715	56	1080.66	56	1200.07	56	980.941	56	1213.17	56	1025.9	56	925.077	56	1107.21	56	1099.74	56	910.106
57	961.091	57	1080.9	57	1150.59	57	970.106	57	1236.59	57	1023.54	57	925.279	57	1112.03	57	1113.33	57	907.442
58	928.193	58	1090.51	58	1095.04	58	995.933	58	1262.9	58	1018.04	58	939.641	58	1107.62	58	1116.36	58	906.735
59	819.585	59	1096.37	59	1083.64	59	1018.41	59	1279.78	59	1015.44	59	945.597	59	1083.76	59	1111.32	59	911.617
60	797.559	60	1092.7	60	1037.85	60	1024.34	60	1289.14	60	1017.73	60	945.686	60	1053.35	60	1116.7	60	908.174
61	805.603	61	1103.82	61	985.697	61	1037.49	61	1298.23	61	1019.21	61	959.138	61	1031.7	61	1106.41	61	918.6
62	799.846	62	1108.82	62	938.946	62	1056.82	62	1297.41	62	1020.41	62	982.672	62	1024.33	62	1120.66	62	925.505
63	793.822	63	1122.79	63	875.682	63	1060.98	63	1321.06	63	1025.55	63	990.827	63	1036.07	63	1131.73	63	934.771
64	795.012	64	1119.1	64	861.935	64	1066.89	64	1316.36	64	1029.65	64	1000.98	64	1051.98	64	1144.92	64	948.341
65	787.361	65	1122.36	65	832.53	65	1060.28	65	1288.34	65	1032.44	65	1021.18	65	1045.17	65	1146	65	950.349
66	777.946	66	1132.44	66	810.955	66	1045.57	66	1287.86	66	1037.64	66	1046.95	66	1045.55	66	1134.93	66	964.433
67	778.41	67	1132.94	67	791.999	67	1035.66	67	1272.91	67	1046.81	67	1044.38	67	1035.22	67	1126.58	67	970.65
68	771.601	68	1144.87	68	792.615	68	1035.59	68	1247.15	68	1047.35	68	1040.24	68	1033.58	68	1130.73	68	982.177
69	776.007	69	1139.19	69	782.625	69	1052.91	69	1241.28	69	1054.67	69	1040.54	69	1054.03	69	1137.28	69	978.8
70	773.329	70	1129.72	70	777.848	70	1072.38	70	1240.64	70	1035.99	70	1036.63	70	1077.35	70	1147.45	70	984.427
71	768.573	71	1118.88	71	754.162	71	1083	71	1226.78	71	1047.16	71	1016.23	71	1095.59	71	1163.58	71	996.836
72	776.695	72	1109.9	72	752.353	72	1092.79	72	1199.54	72	1045.58	72	1000.71	72	1139.68	72	1151.69	72	1008.84
73	777.388	73	1109.76	73	742.766	73	1106.56	73	1184.73	73	1051.9	73	993.127	73	1144.15	73	1157.79	73	1021.35
74	776.644	74	1105.59	74	741.608	74	1116.23	74	1178.74	74	1072.62	74	1010.01	74	1130.56	74	1152.45	74	1030.85
75	779.498	75	1096.18	75	751.131	75	1131.78	75	1172.53	75	1060.51	75	1030.92	75	1123.73	75	1137.23	75	1042.63
76	775.042	76	1092.17	76	760.665	76	1150.1	76	1134.89	76	1049.03	76	1038.78	76	1114.07	76	1143.45	76	1037.01
77	784.366	77	1089.77	77	756.062	77	1155.57	77	1118.88	77	1039.52	77	1072.47	77	1100.7	77	1182.47	77	1028.77
78	791.428	78	1102.28	78	749.145	78	1170	78	1095.8	78	1039	78	1077.21	78	1093.51	78	1184.21	78	1021.84
79	796.872	79	1089.1	79	740.95	79	1173.87	79	1064.46	79	1034.03	79	1061.4	79	1074.33	79	1177.75	79	1012.6
80	814.074	80	1087.1	80	734.964	80	1189.42	80	1045.57	80	1032.62	80	1066.35	80	1047.72	80	1173.75	80	1007.26
81	817.194	81	1103.66	81	726.093	81	1191.87	81	1049.96	81	1033.55	81	1054.75	81	1028.74	81	1163.26	81	1014.44
82	812.793	82	1158.38	82	723.643	82	1171.1	82	1054.9	82	1038.63	82	1046.83	82	1008.04	82	1163.49	82	1012.37
83	823.176	83	1196.67	83	719.934	83	1158.29	83	1063.96	83	1050.32	83	1048.31	83	978.907	83	1185.92	83	1006.39
84	827.193	84	1206.97	84	713.214	84	1126.49	84	1068.45	84	1056.54	84	1045.39	84	957.464	84	1224.86	84	999.272
85	828.879	85	1199.25	85	708.256	85	1105.1	85	1063.71	85	1055.45	85	1051.67	85	940.55	85	1277.46	85	1005.04
86	832.36	86	1196.17	86	703.94	86	1104.4	86	1044.08	86	1052.59	86	1079.63	86	934.04	86	1302.22	86	1027.33
87	841.051	87	1188.92	87	695.691	87	1107.02	87	1018.91	87	1047.37	87	1078.23	87	944.252	87	1312.06	87	1051.19
88	847.878	88	1181.85	88	693.594	88	1108.48	88	1029.71	88	1060.4	88	1088.1	88	933.344	88	1314.33	88	1051.72
89	844.162	89	1172.19	89	689.079	89	1125.05	89	1030.51	89	1075.85	89	1085.09	89	934.558	89	1311.98	89	1063.04
90	852.903	90	1171.25	90	695.353	90	1137.84	90	1037.93	90	1089.69	90	1085.52	90	933.766	90	1325.6	90	1042.46
91	847.763	91	1155.06	91	699.307	91	1148.31	91	1053.1	91	1087.52	91	1098.91	91	936.413	91	1324.24	91	1025.97
92	850.945	92	1149.31	92	703.51	92	1168.96	92	1039.7	92	1076.43	92	1112.06	92	944.829	92	1338.41	92	1023.72
93	854.288	93	1143.41	93	703.479	93	1185.01	93	1024.42	93	1075.88	93	1122.69	93	945.903	93	1366.01	93	1023.01
94	854.605	94	1142.18	94	716.538	94	1215.32	94	994.818	94	1079.35	94	1125.98	94	948.842	94	1384.69	94	1020.97
95	868.8	95	1125.67	95	728.969	95	1229.87	95	973.506	95	1088.59	95	1134.61	95	955.112	95	1388.25	95	1010.99
96	881.874	96	1122.01	96	731.617	96	1249.72	96	945.853	96	1099.14	96	1144.15	96	960.498	96	1388	96	1009.64
97	888.458	97	1110.92	97	736.799	97	1252.5	97	944.222	97	1105.06	97	1138.02	97	953.877	97	1383.27	97	1013.35
98	900.748	98	1106.88	98	753.41	98	1258.1	98	926.194	98	1099.4	98	1155.99	98	954.053	98	1357.5	98	1007.01
99	901.664	99	1092.28	99	751.5	99	1285.37	99	918.437	99	1103.19	99	1229.19	99	939.329	99	1339.2	99	985.521
100	895.968	100	1107.75	100	751.184	100	1307.67	100	904.674	100	1109.21	100	1249.4	100	939.79	100	1328.28	100	972.021
101	895.162	101	1112.12	101	734.476	101	1338.23	101	906.807	101	1120.17	101	1285.22	101	941.808	101	1336.19	101	960.819
102	901.392	102	1110.87	102	717.115	102	1372.04	102	927	102	1143.07	102	1318.19	102	942.691	102	1360.02	102	965.411
103	922.156	103	1132.7	103	699.517	103	1370.92	103	944.719	103	1146.26	103	1350.35	103	938.222	103	1355.14	103	986.146
104	993.499	104	1131.23	104	681.507	104	1377.45	104	960.785	104	1145.02	104	1357.87	104	936.56	104	1355.54	104	991.51
105	1003.71	105	1127.91	105	675.491	105	1353.21	105	955.939	105	1137.11	105	1352.23	105	953.899	105	1353.55	105	990.84
106	995.858	106	1119.88	106	677.945	106	1359.46	106	957.84	106	1148.05	106	1332.22	106	962.319	106	1357.88	106	997.912
107	980.471	107	1110.41	107	704.263	107	1377.76	107	960.693	107	1148.14	107	1295.67	107	948.099	107	1366.45	107	993.904
108	977.434	108	1091.1	108	719.122	108	1388.02	108	955.739	108	1153.03	108	1277.61	108	948.747	108	1378	108	989.111
109	985.08	109	1078.12	109	734.785	109	1410.12	109	965.76	109	1150.11	109	1270.06	109	945.655	109	1382.76	109	982.665
110	1009.01	110	1067.93	110	736.985	110	1403.85	110	957.167	110	1125.8	110	1265.53	110	943.008	110	1390.48	110	978.938
111	1008.42	111	1064.8	111	739.843	111	1379.18	111	964.136	111	1102.66	111	1280.55	111	933.247	111	1404.4	111	972.047
112	1019.24	112	1051.24	112	739.193	112	1367.96	112	960.241	112	1083.07	112	1302.44	112	936.055	112	1390.87	112	981.918
113	1036.09	113	1037.48	113	755.716	113	1361.31	113	960.329	113	1084.63	113	1310.82	113	943.301	113	1374.14	113	985.342
114	1020.48	114	1021.88	114	767.199	114	1362.59	114	951.537	114	1098.2	114	1331.34	114	942.762	114	1372.6	114	985.939
115	1033.33	115	1013.66	115	770.045	115	1348.79	115	939.097	115	1123.47	115	1354.66	115	950.639	115	1380.7	115	994.895
116	1045.3	116	1026.01	116	773.452	116	1357.34	116	930.344	116	1150.76	116	1385.81	116	964.415	116	1371.06	116	996.365
117	1053.75	117	1040.25	117	784.068	117	1355.38	117	932.665	117	1155.37	117	1412.72	117	969.305	117	1364.03	117	1010.32
118	1077.16	118	1058.32	118	795.806	118	1367.55	118	938.189	118	1163.44	118	1425.88	118	972.601	118	1342.84	118	1022.35
119	1101.86	119	1075.43	119	819.528	119	1364.33	119	938.519	119	1165.09	119	1427.06	119	989.168	119	1341.75	119	1026.04
120	1102.73	120	1080.85	120	823.143	120	1352.46	120	941.33	120	1160.65	120	1428.36	120	1015.1	120	1345.28	120	1024.73
121	1117.3	121	1078.33	121	821.449	121	1345.88	121	971.22	121	1159.31	121	1434.2	121	1025.34	121	1330.36	121	1019.59
122	1124.08	122	1079.78	122	812.669	122	1331.88	122	1006.02	122	1160.47	122	1448.51	122	1037.95	122	1317.66	122	1017.41
123	1122.75	123	1069.3	123	815.375	123	1305.37	123	1017.54	123	1155.99	123	1472.92	123	1045.4	123	1305.93	123	1027.91
124	1125.42	124	1072.71	124	817.922	124	1306.73	124	1020.53	124	1153.52	124	1480.91	124	1045.55	124	1284.15	124	1028.17
125	1121.6	125	1066.64	125	818.658	125	1295.11	125	1014.43	125	1157.4	125	1473.26	125	1034.18	125	1279.31	125	1025.63
126	1117.14	126	1083.17	126	821.113	126	1303.3	126	1003.11	126	1168.24	126	1458.53	126	1026.75	126	1283.05	126	1043.25
127	1119.55	127	1108.81	127	821.848	127	1315.46	127	991.677	127	1180.41	127	1452.49	127	1020.64	127	1288.09	127	1049.11
128	1107.11	128	1126.44	128	825.319	128	1315.15	128	983.235	128	1186.99	128	1455.54	128	1015.62	128	1312.74	128	1070.08
129	1108.72	129	1133.38	129	835.945	129	1318.34	129	981.691	129	1193.69	129	1466.4	129	1011.58	129	1317.73	129	1093.78
130	1114.9	130	1161.3	130	848.469	130	1307.45	130	981.463	130	1208.83	130	1481.32	130	1012.75	130	1318.97	130	1096.02
131	1113.31	131	1218.43	131	870.439	131	1321.08	131	992.663	131	1212.61	131	1499.65	131	1009.24	131	1318.89	131	1094.1
132	1119.85	132	1224.26	132	911.854	132	1327.07	132	997.599	132	1215.8	132	1535.36	132	1003.25	132	1330.11	132	1085.54
133	1116.62	133	1212.85	133	922.451	133	1356.4	133	1001.94	133	1218.37	133	1551.67	133	999.762	133	1331.91	133	1091.77
134	1116.95	134	1209.01	134	921.926	134	1387.96	134	997.388	134	1222.35	134	1564.54	134	1001.87	134	1347.51	134	1090.34
135	1111	135	1199.38	135	929.724	135	1386.04	135	983.852	135	1211.83	135	1563.22	135	1016.41	135	1343.7	135	1099.6
136	1125.78	136	1215.27	136	921.844	136	1380.14	136	973.978	136	1206.28	136	1558.91	136	1029.65	136	1343.33	136	1100.48
137	1137.49	137	1235.45	137	926.115	137	1378.47	137	982.101	137	1200.99	137	1551.07	137	1036.62	137	1329.45	137	1089.84
138	1157.04	138	1246.99	138	947.503	138	1364.73	138	988.186	138	1199.81	138	1565.44	138	1044.16	138	1330.3	138	1095.91
139	1182.36	139	1250.66	139	965.605	139	1368.59	139	987.148	139	1191.92	139	1575.18	139	1044.83	139	1334.71	139	1107.91
140	1202.42	140	1255.11	140	1000.62	140	1371.22	140	1009.43	140	1182.93	140	1590.65	140	1042.73	140	1332.19	140	1098.72
141	1211.05	141	1256.32	141	1024.01	141	1362.75	141	1040.78	141	1183.49	141	1615.45	141	1065.84	141	1344.71	141	1111.28
142	1228.49	142	1250.21	142	1081.86	142	1357.16	142	1067.52	142	1184.05	142	1621.16	142	1103.82	142	1374.95	142	1108.32
143	1238.21	143	1214.81	143	1106.68	143	1353.47	143	1080.01	143	1185.03	143	1643.43	143	1156.38	143	1390.8	143	1108.1
144	1246.1	144	1177.95	144	1124.09	144	1361.61	144	1091.55	144	1171.58	144	1657.15	144	1179.28	144	1414.48	144	1115.99
145	1252.31	145	1162.39	145	1134.61	145	1377.17	145	1098.22	145	1180.78	145	1627.64	145	1191.22	145	1433.79	145	1132.02
146	1237.67	146	1122.71	146	1169.82	146	1373.07	146	1096.35	146	1186.72	146	1618.27	146	1202.93	146	1448.24	146	1137.62
147	1228.99	147	1119.31	147	1203.15	147	1377.52	147	1111.48	147	1187.07	147	1589.09	147	1207.3	147	1461.78	147	1152.05
148	1224.53	148	1150.59	148	1241.58	148	1383.78	148	1114.47	148	1193.82	148	1550.97	148	1220.25	148	1465.58	148	1140.2
149	1228.99	149	1189.68	149	1294.71	149	1381.23	149	1116.18	149	1195.69	149	1546.88	149	1229.02	149	1464.6	149	1148.88
150	1246.78	150	1209.67	150	1366.45	150	1374.21	150	1118.86	150	1193.71	150	1544.83	150	1252.5	150	1460.08	150	1150.63
151	1260.05	151	1210.94	151	1615.42	151	1372.32	151	1125.74	151	1188.93	151	1561.34	151	1256.74	151	1461.48	151	1133.49
152	1269.68	152	1214.38	152	1826.28	152	1377.86	152	1142.48	152	1183.58	152	1588.97	152	1251.05	152	1458.29	152	1132.34
153	1266.81	153	1211	153	2064.03	153	1374.81	153	1153.03	153	1185.38	153	1596.02	153	1296.76	153	1449.67	153	1135.92
154	1253.35	154	1219.65	154	2329.94	154	1367.72	154	1160.27	154	1176.91	154	1590.57	154	1342.09	154	1455.97	154	1162.55
155	1245.93	155	1232.93	155	3035.87	155	1336.35	155	1171.08	155	1172.12	155	1591.75	155	1452.81	155	1471.79	155	1183.25
156	1247.49	156	1244.1	156	3482.19	156	1335.32	156	1172.34	156	1172.45	156	1578.91	156	1525.59	156	1473.07	156	1184.28
157	1258.88	157	1252.67	157	4164.67	157	1312.37	157	1180.37	157	1177.29	157	1586.4	157	1637.85	157	1472.54	157	1185.58
158	1280.39	158	1272.56	158	5271.49	158	1315.96	158	1187.09	158	1183.58	158	1589.88	158	1895.16	158	1470.81	158	1186.88
159	1293.27	159	1292.04	159	6528.86	159	1312.31	159	1206.12	159	1164.17	159	1612.95	159	2293.84	159	1476.9	159	1172.89
160	1306.12	160	1302.57	160	7955.51	160	1335.16	160	1247.92	160	1153.25	160	1642.02	160	2936.13	160	1487.21	160	1172.8
161	1304.65	161	1336.3	161	9182.82	161	1333.4	161	1258.62	161	1147.25	161	1632.1	161	3741.09	161	1498.11	161	1175.64
162	1296.11	162	1355.22	162	10137	162	1341.69	162	1279.99	162	1149.94	162	1629.63	162	4570.87	162	1497.4	162	1185.42
163	1306.75	163	1360.96	163	11227.7	163	1381.88	163	1287.33	163	1158.39	163	1609.58	163	5438.1	163	1506.75	163	1192.7
164	1316.3	164	1371.28	164	11509.4	164	1391.22	164	1309.31	164	1168.92	164	1613.62	164	6159.44	164	1500.59	164	1190.59
165	1328	165	1373.96	165	12460.5	165	1399.61	165	1333.6	165	1174.4	165	1611.74	165	7006.18	165	1501.36	165	1187.48
166	1343.04	166	1369.54	166	13438.7	166	1394.48	166	1358.03	166	1175.62	166	1603.9	166	8525.21	166	1487.23	166	1186.98
167	1368.91	167	1357.42	167	14171.4	167	1379.57	167	1369.46	167	1170.71	167	1606.33	167	9796.65	167	1491.06	167	1170.55
168	1407.82	168	1361.63	168	14947.8	168	1367.19	168	1372.76	168	1166.6	168	1611.01	168	10323	168	1491.45	168	1149.19
169	1414.41	169	1370.45	169	15138	169	1357.83	169	1385.21	169	1171.83	169	1641.23	169	11011.7	169	1488.81	169	1132.68
170	1434.09	170	1375.75	170	15162.3	170	1337.55	170	1393.03	170	1168.28	170	1695.46	170	11133.8	170	1489.84	170	1126.46
171	1514.83	171	1395.03	171	15428.9	171	1324.45	171	1403.67	171	1160.82	171	1730.64	171	11730.7	171	1493.91	171	1162.81
172	1638.39	172	1406.34	172	15487.4	172	1314.19	172	1414.91	172	1154.16	172	1909.73	172	12210	172	1478.07	172	1229.65
173	1789.6	173	1415.23	173	15698.8	173	1315.53	173	1432.04	173	1133.19	173	2001.3	173	12205.3	173	1466.9	173	1268.06
174	1968.63	174	1438.27	174	15799.1	174	1326.31	174	1434.49	174	1114.02	174	2100.07	174	12052.7	174	1454.21	174	1370.08
175	2218.98	175	1448.43	175	15804.9	175	1316.94	175	1443.28	175	1086.45	175	2145.49	175	12029.5	175	1429.53	175	1582.43
176	2443.71	176	1479.3	176	15874.3	176	1326.29	176	1452.44	176	1084.56	176	2210.99	176	12161.8	176	1425.89	176	1669.97
177	2579.48	177	1481.12	177	15977.5	177	1319.15	177	1446.08	177	1092.55	177	2345.26	177	12082.2	177	1403.98	177	1871.22
178	2851.15	178	1493.4	178	16058.1	178	1305.06	178	1441.23	178	1099.95	178	2439.64	178	12093.3	178	1376.9	178	2265.42
179	2969.26	179	1472.89	179	16109.1	179	1296.58	179	1453.98	179	1111.28	179	2674.49	179	12043.1	179	1363.23	179	3188.88
180	3246.42	180	1424.43	180	16199	180	1294.85	180	1501.02	180	1126.12	180	2954.68	180	11994.1	180	1340.1	180	4038.96
181	3567.94	181	1356.7	181	16292.1	181	1307.6	181	1565.96	181	1150.41	181	3069.71	181	11979.2	181	1339.74	181	5183.92
182	4273.48	182	1279.84	182	16318.1	182	1330.99	182	1667.9	182	1151.64	182	3224.78	182	11929.6	182	1328.39	182	5786.99
183	5067.18	183	1304.36	183	16365.9	183	1336.44	183	1801.29	183	1146.98	183	3377.66	183	11892	183	1318.04	183	6629.62
184	5797.4	184	1334.39	184	16366.9	184	1339.89	184	1991.23	184	1145.99	184	3540.07	184	11889.2	184	1312.76	184	7735.83
185	6175.62	185	1370.79	185	16394	185	1334.23	185	2251.07	185	1142.73	185	3945.76	185	11893.4	185	1318.8	185	8541.41
186	6299.43	186	1405.35	186	16383.2	186	1326.65	186	2522.79	186	1199.82	186	4306	186	11938.6	186	1325.59	186	9829
187	6631.64	187	1453.06	187	16450.6	187	1317.03	187	2865.77	187	1234.09	187	4606.97	187	11930.3	187	1331.47	187	11489.3
188	6923.08	188	1492.52	188	16563.5	188	1310.75	188	3258.8	188	1322.14	188	4878.78	188	11921.2	188	1326.16	188	12175.5
189	7430.35	189	1743.83	189	16719.1	189	1309.97	189	3871.7	189	1499.23	189	5048.37	189	11855.8	189	1322.54	189	12440.2
190	7912.31	190	2088.09	190	16709.4	190	1306.16	190	4955.68	190	1808.19	190	5413.64	190	11854.8	190	1334.76	190	12376.4
191	8080.41	191	2570.87	191	16682.4	191	1301.57	191	6192.2	191	2204.3	191	5685.55	191	11980.8	191	1338.61	191	12370.4
192	8128.95	192	3060.99	192	16433.9	192	1301.89	192	7065.88	192	3030.11	192	5958.42	192	12012.3	192	1354.07	192	12302.1
193	8280.2	193	3627.12	193	16339.8	193	1290.52	193	7830.85	193	3970.59	193	6247.2	193	12103.9	193	1371.28	193	12298.1
194	8623.73	194	4247.7	194	16337.3	194	1292.51	194	8803.46	194	5088.42	194	6312.46	194	12302.5	194	1386.42	194	12266.2
195	8919.92	195	5321.88	195	16124.9	195	1303.45	195	9325.43	195	6707.61	195	6318.16	195	12373	195	1433.12	195	12193.2
196	9090.77	196	7187.81	196	16195.7	196	1308.32	196	9481	196	8542.88	196	6438.84	196	12470.9	196	1448.52	196	12185.4
197	9243.83	197	8476.61	197	16166.2	197	1354.59	197	10050.1	197	9956.93	197	6580.23	197	12804.8	197	1457.23	197	12103.3
198	9349.2	198	9007.42	198	16280.4	198	1365.88	198	10426.2	198	11071.2	198	6862.3	198	12974.4	198	1598.91	198	11970.9
199	9409.16	199	9435.58	199	16402.4	199	1397.14	199	10689.4	199	12072.9	199	7079.53	199	13277.2	199	1680.82	199	11864.5
200	9504.73	200	9715.44	200	16460	200	1506.05	200	11156.5	200	13120.8	200	7420.17	200	13402.7	200	1772.25	200	11872.7
201	9454.94	201	9670.53	201	16492.6	201	1631	201	11817.8	201	13320.5	201	7458.63	201	13586.4	201	1871.85	201	11850.5
202	9439.87	202	9568.77	202	16430.5	202	1889.36	202	11995.8	202	13282.3	202	7392.32	202	13689	202	1995.27	202	11935.9
203	9414.5	203	9500.36	203	16450.9	203	2090.84	203	11921	203	13167.2	203	7307.68	203	13688.2	203	2089.13	203	12047.2
204	9377.45	204	9504.09	204	16464.7	204	2331.38	204	11965.6	204	13101.8	204	7241.25	204	13677.6	204	2262.45	204	12247.6
205	9364.9	205	9535.57	205	16431.5	205	2542.44	205	12046.2	205	12930.9	205	7215.64	205	13706.7	205	2552.85	205	12408.4
206	9418.75	206	9559.39	206	16390.7	206	2777.84	206	12138	206	12847.1	206	7195.8	206	13682.1	206	2826.28	206	12397.7
207	9439.95	207	9628.79	207	16277	207	3209.89	207	12204.3	207	12968.6	207	7243.01	207	13594.5	207	3004.24	207	12543
208	9526.93	208	9683.03	208	16232.9	208	3644.87	208	12217	208	13096	208	7278.32	208	13536.5	208	3070.93	208	12723.6
209	9546.68	209	9680.9	209	16223	209	4160.1	209	12158.8	209	13206.5	209	7371.1	209	13526.5	209	3395.41	209	12789.8
210	9575.84	210	9729.97	210	16307.2	210	4464.05	210	12151.7	210	13124.5	210	7438.79	210	13548	210	3747.81	210	12929
211	9618.57	211	9721.18	211	16276.4	211	5381.48	211	12099.8	211	13424.4	211	7466.17	211	13598.5	211	4122.4	211	13020.9
212	9573.49	212	9605.39	212	16255.1	212	6164.28	212	12086.2	212	13537.2	212	7440.48	212	13596.8	212	4361.26	212	13020.6
213	9537.87	213	9652.48	213	16231.8	213	6726.37	213	12063.4	213	13665.3	213	7417.23	213	13581.9	213	4754.37	213	13069.4
214	9454.11	214	9612.69	214	16214.2	214	7208.84	214	12011.9	214	13674.7	214	7351.78	214	13620.4	214	5280.77	214	13080.9
215	9429.67	215	8934.48	215	16292.3	215	7678.31	215	12030.1	215	13687	215	7352.31	215	13690.9	215	5713.78	215	12907.9
216	9419.32	216	8998.85	216	16442.6	216	7998.04	216	12081.7	216	13743.5	216	7363.95	216	13763.3	216	5907.61	216	12918.9
217	9446.05	217	9069.62	217	16614.9	217	8335.32	217	12087.1	217	13737.4	217	7346.11	217	13769.4	217	6086.66	217	12829.7
218	9365.76	218	9004.81	218	16722.1	218	8501.66	218	12161.4	218	13733.6	218	7417.98	218	13733.5	218	6320.52	218	12781
219	9319.55	219	8998.41	219	16757.6	219	8522.48	219	12275.3	219	13749.6	219	7686.79	219	13713.6	219	6522.16	219	12730.9
220	9308.16	220	8976.58	220	16782	220	8624.68	220	12311.7	220	13563	220	7900.17	220	13687.2	220	6659.01	220	12621.2
221	9306.9	221	8959.08	221	16633.9	221	8708.04	221	12332.6	221	13530	221	7907.29	221	13690.9	221	6805.57	221	12578.9
222	9294.29	222	9010.34	222	16576.9	222	8796.05	222	12426.7	222	13412.3	222	7868.99	222	13665.5	222	6938.58	222	12575.6
223	9272.26	223	8994.52	223	16521.2	223	8790.55	223	12419.7	223	13358.3	223	7702.99	223	13676.2	223	7301.75	223	12522.1
224	9272.6	224	9031.91	224	16548.2	224	8792.02	224	12515.2	224	13316.5	224	7609.86	224	13666.4	224	7609.59	224	12148.9
225	9303.86	225	9104.81	225	16564.3	225	8822.27	225	12466.2	225	13347.6	225	7539.44	225	13673.7	225	7862.83	225	11714.3
226	9357.9	226	9139.07	226	16521.5	226	8822.56	226	12325.4	226	13365.6	226	7383.92	226	13733	226	8138.87	226	11291.8
227	9382.96	227	9090.24	227	16467.2	227	8814.21	227	12301.6	227	13344.4	227	7291.52	227	13735.2	227	8383.94	227	11139.1
228	9493.41	228	9035.48	228	16473.6	228	8764.72	228	12051.4	228	13376.2	228	7168.57	228	13754.6	228	8478.76	228	11128.3
229	9578.75	229	8965.76	229	16472.1	229	8751.56	229	11686.3	229	13286.1	229	7113.03	229	13797.7	229	8520.45	229	11030.3
230	9598.92	230	8855.24	230	16509.7	230	8749.36	230	11326.3	230	13160.4	230	7063.72	230	13836.5	230	8718.42	230	10738
231	9615.13	231	8849.23	231	16507.2	231	8754.77	231	10964.7	231	13081.8	231	7012.99	231	13859.2	231	8727.84	231	10547.1
232	9608.98	232	8777.72	232	16536.6	232	8780.52	232	11054.2	232	12977.8	232	6998.82	232	13829.6	232	8678.73	232	10492.7
233	9628.4	233	8733.74	233	16747.1	233	8787.43	233	11149.4	233	12957.5	233	6946.37	233	13751.5	233	8666.25	233	10272.8
234	9640.3	234	8659.72	234	16763.9	234	8855.37	234	11220.8	234	12787.2	234	6887.91	234	13782.8	234	8673.37	234	10337.6
235	9635.28	235	8594.99	235	16702.1	235	8932.74	235	11349.9	235	12666.1	235	6806.24	235	13822.1	235	8680.06	235	10412
236	9683.58	236	8494.05	236	16793.7	236	8854.91	236	11467.6	236	12629.9	236	6717.04	236	13841.4	236	8665.57	236	10429.8
237	9674.4	237	8486.44	237	16821	237	8528.64	237	11497.6	237	12417.6	237	6699.4	237	13861.6	237	8684.3	237	10121.2
238	9756.29	238	8488.58	238	16881.2	238	8077.22	238	11531.6	238	12383.5	238	6669.92	238	13904.8	238	8714.54	238	9846.2
239	9753.76	239	8531.35	239	16883.1	239	7936.98	239	11539.3	239	12241.6	239	6664.19	239	13936.2	239	8693.64	239	9640.75
240	9789.44	240	8534.81	240	16845.9	240	7970.06	240	11552.6	240	12176.2	240	6651.39	240	13968.6	240	8719.28	240	9574.78
241	9805.04	241	8547.06	241	16847.2	241	7981.25	241	11548.4	241	11914.8	241	6636.37	241	14022.7	241	8751.07	241	9484.58
242	9823.31	242	8539.87	242	16788.2	242	7994.62	242	11536.2	242	11837.5	242	6636.6	242	14029.9	242	8751.71	242	9504.46
243	9835.29	243	8535.53	243	16879.3	243	8010.1	243	11532.1	243	11705.8	243	6606.99	243	14084.4	243	8712.89	243	9496.46
244	9825.79	244	8521.39	244	16886.1	244	7999.16	244	11570.9	244	11724	244	6592.52	244	14106.3	244	8687.7	244	9504.64
245	9824.76	245	8517.71	245	16958.7	245	8033.85	245	11591.7	245	11717.1	245	6579.92	245	14102	245	8695.29	245	9496.81
246	9785.45	246	8519.34	246	16982.2	246	8036.25	246	11613.7	246	11726.9	246	6577.78	246	14099.9	246	8692.12	246	9500.95
247	9765.8	247	8521.33	247	17009.6	247	8032.9	247	11592.5	247	11492.6	247	6575.25	247	14084.1	247	8692.12	247	9499
248	9762.23	248	8524.8	248	17006.4	248	8008.51	248	11598.2	248	11258.3	248	6573.95	248	14080.1	248	8661.27	248	9525.57
249	9758.26	249	8531.27	249	17018.9	249	7975.19	249	11586.7	249	10817.6	249	6582.89	249	14068.3	249	8647.9	249	9526.39
250	9743.25	250	8538.23	250	17027.4	250	7944.25	250	11599.7	250	10607.4	250	6588.46	250	14066.5	250	8633.52	250	9536.57
251	9706.39	251	8538.23	251	17026.5	251	7905.31	251	11613.8	251	10405.9	251	6605.03	251	14051.2	251	8624.66	251	9521.01
252	9664.22	252	8535.85	252	17022.7	252	7912	252	11603.9	252	10115	252	6608.52	252	14062.8	252	8628.4	252	9531.22
253	9630.93	253	8574.66	253	17091.1	253	7918.13	253	11597.1	253	9848.48	253	6614.25	253	14108.3	253	8634.8	253	9556.93
254	9626.02	254	8667.07	254	17125.6	254	7923.19	254	11611.4	254	9787.82	254	6614.22	254	14137.5	254	8637.79	254	9589.44
255	9620.49	255	8695.53	255	17122.2	255	7923.19	255	11623.2	255	9814.15	255	6634.31	255	14141.7	255	8633.77	255	9580.51
256	9600.32	256	8693.11	256	17111.9	256	7941.76	256	11638.6	256	9829.09	256	6656.5	256	14151.8	256	8632.86	256	9579.23
257	9570.89	257	8689.97	257	17100.6	257	7945.83	257	11642.1	257	9850.31	257	6658.02	257	14180.3	257	8624.88	257	9545.38
258	9521.47	258	8691.2	258	17101	258	7945.83	258	11641.1	258	9762.8	258	6679.37	258	14188.2	258	8615.92	258	9535.91
259	9491.25	259	8661.62	259	17106.5	259	7951.81	259	11649	259	9798.03	259	6682.45	259	14191.8	259	8605.23	259	9525.04
260	9480.12	260	8654.94	260	17106.5	260	7951.94	260	11663.5	260	9811.63	260	6675.84	260	14187.7	260	8583.96	260	9494.2
261	9480.43	261	8614.7	261	17115.9	261	7960.29	261	11677.4	261	9833.84	261	6680.15	261	14182.4	261	8579.52	261	9484.41
262	9456.98	262	8570.21	262	17117.6	262	7952.89	262	11675.1	262	9848.79	262	6687.56	262	14158.7	262	8573.86	262	9487.3
263	9429.79	263	8586.28	263	17114.1	263	7943.33	263	11660.6	263	9868.99	263	6677.46	263	14144.7	263	8577.39	263	9490.61
264	9372.11	264	8606.18	264	17114.6	264	7938.84	264	11548.6	264	9872.67	264	6665.48	264	14134.6	264	8583.19	264	9486.49
265	9349.98	265	8602.56	265	17111.6	265	7941.21	265	11425.1	265	9877.85	265	6648.67	265	14141.6	265	8592.74	265	9485.45
266	9338.76	266	8616.34	266	17116.6	266	7941.79	266	11345.6	266	9895.44	266	6616.37	266	14147.1	266	8595.51	266	9487.07
267	9253.02	267	8640.11	267	17179.6	267	7942.99	267	11334.2	267	9901.3	267	6596.69	267	14151	267	8601.07	267	9484.34
268	9172.72	268	8656.58	268	17193.1	268	7940.56	268	11340.3	268	9899.39	268	6552.29	268	14130.6	268	8603.5	268	9490.24
269	9110.99	269	8656.58	269	17257.6	269	7942.02	269	11315.6	269	9904.01	269	6534.91	269	14119.3	269	8608.49	269	9495.04
270	9101.38	270	8656.58	270	17277.3	270	7942.02	270	11301.8	270	9909.08	270	6523.18	270	14137	270	8608.49	270	9495.04
271	9085.4	271	8664.29	271	17276.8	271	7941.98	271	11312.5	271	9922.86	271	6516.95	271	14166.8	271	8608.49	271	9501.29
272	9078.55	272	8667.77	272	17271	272	7941.98	272	11313.8	272	9922.86	272	6516.95	272	14179.3	272	8608.42	272	9508.17
273	9060.44	273	8661.78	273	17278.3	273	7940.49	273	11324.7	273	9973.93	273	6516.95	273	14072.4	273	8617.26	273	9508.17
274	9052	274	8638.37	274	17251.8	274	7940.49	274	11340.9	274	9970.17	274	6516.95	274	13594.9	274	8617.26	274	9512.39
275	9043.72	275	8619.84	275	17247	275	7940.49	275	11343	275	10015.7	275	6520.01	275	13475.4	275	8617.26	275	9513.43
276	9025.77	276	8606.38	276	17240.1	276	7941.05	276	11373.5	276	10008.3	276	6520.01	276	13013.7	276	8622.53	276	9531.91
277	9011	277	8584.83	277	17252.7	277	7940.5	277	11395.8	277	10038.6	277	6520.01	277	13025.7	277	8625.67	277	9542.48
278	9013.28	278	8591.86	278	17267.9	278	7831.41	278	11404.3	278	10030.2	278	6512.6	278	13044	278	8631.15	278	9563.5
279	9038.97	279	8592.68	279	17276.9	279	7713.59	279	11418.1	279	10093.1	279	6512.6	279	13035.8	279	8671.68	279	9563.25
280	9046.21	280	8604.35	280	17276.9	280	7435.16	280	11447.9	280	10112.3	280	6508.01	280	13048.8	280	8691.38	280	9574.71
281	9052.88	281	8534.1	281	17271.2	281	7142.14	281	11495.5	281	10109.9	281	6493.65	281	13050.1	281	8793.86	281	9578.06
282	9059.54	282	8488.45	282	17274.6	282	6971.73	282	11507.4	282	10121.6	282	6465.25	282	13103.3	282	8838.14	282	9593.74
283	9065.25	283	8412.49	283	17285.7	283	6942.75	283	11518.4	283	10145.3	283	6458.08	283	13121.8	283	8829.65	283	9571.25
284	9071.55	284	8332.28	284	17305.2	284	6933.96	284	11531.4	284	10145.9	284	6462.41	284	13108.2	284	8840.66	284	9528.16
285	9076.15	285	8020.65	285	17327.6	285	6927.72	285	11520	285	10148.6	285	6465.93	285	13054.6	285	8831.9	285	9430.91
286	9080.48	286	8025.85	286	17334.8	286	6935.64	286	11539.6	286	10181.1	286	6478.4	286	13067.2	286	8823.04	286	9411.76
287	9078.49	287	7952.36	287	17364.8	287	6940.28	287	11560.8	287	10216.7	287	6478.4	287	13029.7	287	8835.75	287	9398.49
288	9077.11	288	7949.47	288	17344.9	288	6939.36	288	11259.1	288	10259	288	6478.4	288	13034.5	288	8820.51	288	9383.84
289	9072.69	289	7884.3	289	17350.1	289	6941.91	289	11002.9	289	10272.8	289	6460.82	289	13001.4	289	8818.41	289	9373.11
290	9050.13	290	7813.04	290	17329.7	290	6941.91	290	10444.7	290	10286	290	6435.43	290	12978	290	8810.37	290	9365.95
291	9045.04	291	7753.53	291	17333.7	291	6939.57	291	10144.9	291	10273.7	291	6422.8	291	12980.3	291	8807.13	291	9385.77
292	9035.64	292	7679.59	292	17295.4	292	6939.57	292	9949.55	292	10274.5	292	6423.33	292	12980.7	292	8820.31	292	9400.63
293	9022.47	293	7342.75	293	17233.4	293	6939.57	293	9395.26	293	10290.2	293	6392.28	293	13032.9	293	8703.25	293	9394.15
294	8987.6	294	7204.9	294	17222.1	294	6939.13	294	9017.88	294	10304.2	294	6360.49	294	13103.1	294	8330.49	294	9378.36
295	8990.61	295	7142.22	295	17217.7	295	6939.13	295	8931.4	295	10320.4	295	6360	295	13214.5	295	7850.46	295	9349.56
296	8959.99	296	6940.5	296	17287.5	296	6939.79	296	8757.22	296	10349.8	296	6322.21	296	13239.9	296	7635.4	296	9323.93
297	8961.91	297	6630.02	297	17293.5	297	6933.45	297	8629.17	297	10368.2	297	6333.04	297	13352.4	297	7635.28	297	9302.98
298	8960.66	298	6580.16	298	17367.3	298	6916.61	298	8541.8	298	10387.7	298	6330.41	298	13405.5	298	7598.94	298	9294.58
299	8947.19	299	6461.01	299	17415	299	6913.57	299	8284.32	299	10387.5	299	6323.63	299	13488.9	299	7598.93	299	9303.48
300	8939.86	300	6280.53	300	17424.9	300	6856.82	300	8128.17	300	10387.5	300	6325.74	300	13462.7	300	7597.68	300	9308.11
301	8939.86	301	6225.55	301	17443.5	301	6841.76	301	7974.31	301	10394.4	301	6326.32	301	13513.2	301	7595.52	301	9311.67
302	8939.17	302	6165.74	302	17468.9	302	6640.59	302	7746.86	302	10394.6	302	6325.16	302	13472.4	302	7595.52	302	9324.15
303	8936.29	303	6046.55	303	17458.4	303	6437.71	303	7746.86	303	10405.9	303	6340.65	303	13422.4	303	7553.91	303	9327.89
304	8934.74	304	5988.55	304	17466.1	304	6192.77	304	7747	304	10400.3	304	6333.79	304	13431.4	304	7529.36	304	9330.98
305	8922.14	305	5990.29	305	17444.3	305	5886.57	305	7753.57	305	10409.1	305	6330.83	305	12998.9	305	7533.51	305	9330.98
306	8924.45	306	6002.06	306	17401.1	306	5713	306	7763.9	306	10405.1	306	6326.1	306	12890.5	306	7542.04	306	9330.98
307	8922.66	307	6000.01	307	17401.1	307	5713.1	307	7761.96	307	10402.1	307	6179.53	307	12585.3	307	7523.48	307	9330.98
308	8920.58	308	6000.54	308	17301.3	308	5658.43	308	7766.35	308	10391.7	308	5975.97	308	12481.4	308	7529.27	308	9329.2
309	8920.38	309	5999.73	309	17342	309	5600.74	309	7758.15	309	10406.9	309	5577.95	309	12495.5	309	7542.3	309	9334.26
310	8920.84	310	5993.32	310	17293.2	310	5600.15	310	7758	310	10411.3	310	5606.64	310	12498.9	310	7524.56	310	9334.75
311	8913.72	311	5986.39	311	17263.6	311	5601.97	311	7758.77	311	10421.1	311	5371.58	311	12416.1	311	7479.81	311	9334.75
312	8900.96	312	5976.12	312	17259.5	312	5389.36	312	7754.41	312	10424.3	312	5269.62	312	12439.8	312	7416.6	312	9348.54
313	8649.36	313	5971.53	313	17230.8	313	5154	313	7752.4	313	10435.2	313	5220.43	313	12323	313	7402.07	313	9355.35
314	8490.18	314	5964.13	314	17231.9	314	4839.47	314	7756.21	314	10453.1	314	5127.58	314	12226.6	314	7390.64	314	9364.44
315	8329.25	315	5959.12	315	17217.5	315	4751.44	315	7741.11	315	10470.2	315	5130.18	315	12005.1	315	7388.31	315	9364.44
316	8157.15	316	5958.63	316	17246.2	316	4544.05	316	7743.05	316	10479	316	5135.05	316	11488.9	316	7392.7	316	9363.3
317	8077.16	317	5955.31	317	17267.6	317	4424.05	317	7746.46	317	10487.9	317	5090.06	317	11395.1	317	7400.62	317	9361.89
318	7911.45	318	5953.76	318	17282.6	318	4350.6	318	7728.68	318	10480.4	318	4902.25	318	11422.1	318	7419.26	318	9357.64
319	7872.96	319	5954.33	319	17285.7	319	4274.42	319	7704.82	319	10496.5	319	4634.86	319	11442.3	319	7442.38	319	9354.37
320	7854.49	320	5951.43	320	17287.9	320	4249.47	320	7653.24	320	10516.5	320	4459.02	320	11432.7	320	7502.09	320	9349.63
321	7759.77	321	5945.75	321	17271	321	4206.41	321	7646	321	10503.8	321	4296.91	321	11397.9	321	7541.54	321	9339.11
322	7657.6	322	5941.89	322	17235.3	322	4139.34	322	7645.46	322	10486.5	322	4296.15	322	11349.8	322	7557.68	322	9329.14
323	7505.19	323	5942.6	323	17208.8	323	4138.53	323	7616.48	323	10480	323	4296.15	323	11314.8	323	7595.4	323	9334.33
324	7433.49	324	5944.69	324	17201.7	324	4042.01	324	7591.77	324	10487.4	324	4298.79	324	11305.3	324	7413.88	324	9358.9
325	7215.04	325	5948.96	325	17175.9	325	3950.59	325	7573.66	325	10488	325	4297.58	325	11305.3	325	7136.29	325	9394.38
326	7215.04	326	5948.96	326	17162.6	326	3950.45	326	7569	326	10498.1	326	4297.88	326	11290.1	326	7043.4	326	9395.76
327	7207.67	327	5953.94	327	17149.4	327	3950.03	327	7556.78	327	10482.6	327	4301.25	327	11246.1	327	7030.13	327	9405.45
328	7212.73	328	5958.02	328	17125.4	328	3949.13	328	7578.65	328	10482.6	328	4301.25	328	11204.5	328	6996.51	328	9410.24
329	7069.91	329	5958.96	329	17139.8	329	3949.52	329	7588.66	329	10520.7	329	4331.98	329	11200.1	329	6915.41	329	9402.1
330	7002.71	330	5960.3	330	17122.9	330	3948.87	330	7605.49	330	10544.7	330	4364.79	330	11202.2	330	6673.95	330	9403.91
331	6825.76	331	5950.35	331	17133.8	331	3947.49	331	7593.92	331	10544.7	331	4379.36	331	11202.2	331	6301.98	331	9408.31
332	6458.76	332	5921.16	332	17135.7	332	3944.55	332	7584.86	332	10543.4	332	4385.95	332	11199.1	332	6062.58	332	9398.24
333	6389.71	333	5916.67	333	17141.6	333	3942.15	333	7585.78	333	10543.4	333	4398.41	333	11202.6	333	5799.64	333	9386.78
334	6101.55	334	5907.62	334	17169.7	334	3938.48	334	7584.81	334	10540	334	4395.32	334	11197	334	5648.73	334	9376.74
335	5996.13	335	5904.78	335	17163.8	335	3940.73	335	7580.85	335	10538.9	335	4394.36	335	11187.9	335	5686.39	335	9370.14
336	5989.48	336	5890.3	336	17168.1	336	3940.73	336	7569.03	336	10538.9	336	4386.28	336	11176.1	336	5566.74	336	9359.06
337	5988.24	337	5881.02	337	17166.7	337	3936.97	337	7550.41	337	10540.9	337	4303.6	337	11178.9	337	5485.28	337	9335.66
338	5991.23	338	5878.68	338	17155.5	338	3944.34	338	7550.43	338	10542	338	4304.18	338	11146.4	338	5335.2	338	9338.98
339	5987.02	339	5887.2	339	17111.1	339	3935.61	339	7551.1	339	10545.4	339	4222.17	339	11144.2	339	5332.21	339	9330.94
340	5983.78	340	5825.74	340	17090.3	340	3937.52	340	7516.75	340	10548	340	4130.32	340	11117.2	340	5350.64	340	9334.24
341	6002.79	341	5769.82	341	17092.3	341	3938.05	341	7513.94	341	10547.7	341	4063.4	341	11128.6	341	5313.91	341	9321.38
342	6022.52	342	5753.84	342	17082.9	342	3940.08	342	7513.41	342	10549.1	342	4077.44	342	11138.4	342	5214.34	342	9285.88
343	6069.31	343	5703.47	343	17082.9	343	3940.08	343	7510.69	343	10549.9	343	4101.66	343	11145.2	343	5164.02	343	9264.34
344	6057.93	344	5678.55	344	17082.9	344	3937.97	344	7511.49	344	10548.3	344	4102.26	344	11149.8	344	5150.59	344	9264.08
345	6052.88	345	5683.35	345	17079.6	345	3939.18	345	7511.44	345	10565.2	345	4121.52	345	11143.6	345	5030.72	345	9258.85
346	6052.23	346	5694.88	346	17085.1	346	3942.93	346	7514.97	346	10567.1	346	4138.99	346	11138.6	346	4982.86	346	9259.52
347	6057.68	347	5681.05	347	17074.4	347	3943.66	347	7505.07	347	10585.5	347	4148.48	347	11127.6	347	4709.96	347	9265.9
348	6058.89	348	5689.19	348	17064.4	348	3943.66	348	7486.1	348	10606.7	348	4156.42	348	11103.6	348	4623.36	348	9266.38
349	6057.16	349	5689.85	349	17052.7	349	3926.64	349	7451.65	349	10618.5	349	4169.34	349	11098.9	349	4552.19	349	9266.38
350	6052.18	350	5689.87	350	17043.2	350	3892.08	350	7450.8	350	10617.5	350	4181.89	350	11096.6	350	4512.4	350	9265.54
351	6052.18	351	5691.01	351	17028.9	351	3881.96	351	7459.97	351	10636.4	351	4175.98	351	11086.8	351	4471.5	351	9265.52
352	6052.15	352	5691.01	352	17014.3	352	3872.62	352	7465.53	352	10696.3	352	4168.39	352	11082	352	4472.45	352	9267.27
353	6053.81	353	5691.06	353	17011.2	353	3849.25	353	7476.42	353	10716	353	4171.35	353	11079.4	353	4473.54	353	9263.35
354	6063.71	354	5691.85	354	17008.6	354	3849.07	354	7477.87	354	10734.1	354	4111.57	354	11066.9	354	4473.54	354	9263.35
355	6063.23	355	5690.18	355	17011.2	355	3841.95	355	7481.89	355	10732.9	355	4011.92	355	11052.8	355	4474.91	355	9263.35
356	6075.34	356	5689.49	356	17010.4	356	3842.54	356	7485.37	356	10732.9	356	3919.91	356	11030	356	4474.91	356	9263.35
357	6076.47	357	5686.44	357	17013.8	357	3832.5	357	7490.09	357	10726.3	357	3944.46	357	11022.1	357	4484.9	357	9263.35
358	6080.83	358	5680.61	358	17017.4	358	3823.25	358	7489.03	358	10727.9	358	3911.51	358	10993.5	358	4493.2	358	9263.35
359	6081.2	359	5676.35	359	16991.5	359	3821.26	359	7490.55	359	10729.3	359	3834.37	359	10911.7	359	4502.77	359	9263.35
360	6077.4	360	5681.19	360	16989.6	360	3819.53	360	7491.88	360	10728.1	360	3842.26	360	10895.2	360	4511.76	360	9263.35
361	6075.75	361	5686.42	361	16989.6	361	3819.53	361	7495.1	361	10729.1	361	3740.44	361	10895.6	361	4519.86	361	9266.11
362	6077.7	362	5686.42	362	16903.8	362	3820.17	362	7494.01	362	10730.1	362	3740.55	362	10864.7	362	4524.35	362	9266.11
363	6076.73	363	5686.42	363	16903.8	363	3740.1	363	7490.89	363	10728.6	363	3740.55	363	10823.1	363	4529.45	363	9266.11
364	6078.21	364	5684.02	364	16858.8	364	3702.57	364	7488.21	364	10729.8	364	3760.65	364	10766.6	364	4533.3	364	9266.11
365	6081.76	365	5681.22	365	16741.8	365	3638.37	365	7487.75	365	10737.2	365	3779.84	365	10725.4	365	4533.3	365	9264.97
366	6084.31	366	5679.13	366	16719.1	366	3585.42	366	7491.28	366	10747.3	366	3800.45	366	10682.2	366	4540.54	366	9263.6
367	6086.6	367	5670.91	367	16673.2	367	3573.43	367	7492.61	367	10748.9	367	3808.44	367	10614.4	367	4539.74	367	9263.24
368	6086.6	368	5667.62	368	16617.3	368	3523.64	368	7489.05	368	10751.6	368	3826.14	368	10592.1	368	4540.53	368	9262.38
369	6085.9	369	5666.84	369	16592	369	3529.33	369	7490.76	369	10755.3	369	3794.72	369	10592.4	369	4539.73	369	9261.64
370	6083.85	370	5656.92	370	16561	370	3529.33	370	7486.4	370	10780.3	370	3771.61	370	10589.2	370	4543.44	370	9261.64
371	6083.85	371	5652.29	371	16548.8	371	3532.16	371	7488.16	371	10781	371	3733.46	371	10583.7	371	4548.51	371	9259.32
372	6083.47	372	5647.96	372	16538.8	372	3542.9	372	7489.62	372	10791.8	372	3715.15	372	10583	372	4548.51	372	9283.7
373	6082.88	373	5651.02	373	16487.4	373	3542.9	373	7497.77	373	10787.4	373	3681.41	373	10580.2	373	4550.7	373	9279.56
374	6080.82	374	5648.59	374	16477	374	3546.72	374	7497.77	374	10816.9	374	3669.34	374	10581.8	374	4552.95	374	9289.19
375	6074.62	375	5629.28	375	16329.3	375	3553.56	375	7495.78	375	10840.2	375	3680.39	375	10581.8	375	4559.31	375	9289.19
376	6063.61	376	5618.14	376	16350.4	376	3553.13	376	7496.1	376	10844.5	376	3694.58	376	10578.6	376	4556.87	376	9360.64
377	6054.8	377	5604.83	377	16210.3	377	3552.08	377	7496.2	377	10855.8	377	3697.94	377	10578.6	377	4557.57	377	9363.7
378	6055.29	378	5592.5	378	15939.8	378	3552.04	378	7494.2	378	10861.4	378	3706.41	378	10583.9	378	4557.79	378	9377.29
379	6070.68	379	5574.89	379	15551.7	379	3552.07	379	7503.23	379	10846	379	3706.84	379	10585.5	379	4557.72	379	9376.85
380	6080.92	380	5564.98	380	15354.5	380	3552.3	380	7499.57	380	10819	380	3713.16	380	10590.7	380	4556.29	380	9401.79
381	6100.76	381	5532.03	381	15226	381	3552.3	381	7499.57	381	10815.6	381	3713.3	381	10585.4	381	4553.95	381	9405.31
382	6105.24	382	5515.62	382	15196.9	382	3552.2	382	7490.34	382	10855.3	382	3712.5	382	10585	382	4551.58	382	9417.32
383	6105.06	383	5505.96	383	14863.4	383	3552.18	383	7501.34	383	10845	383	3529.73	383	10584.5	383	4537.33	383	9448.6
384	6104.24	384	5497.09	384	14666.8	384	3546.39	384	7503.27	384	10859.1	384	3447.37	384	10584.5	384	4533.43	384	9460
385	6099.55	385	5472.57	385	14609.3	385	3540.08	385	7509.08	385	10871.2	385	3407.65	385	10591.7	385	4531.02	385	9461.94
386	6096.03	386	5443.62	386	14425.8	386	3521.15	386	7509.08	386	10846.2	386	3368.61	386	10592.6	386	4526.97	386	9428.7
387	6094.54	387	5412.02	387	14422.2	387	3521.15	387	7499.31	387	10840.4	387	3370.56	387	10601.9	387	4525.51	387	9428.19
388	6089.03	388	5393.57	388	14357	388	3516.12	388	7473.51	388	10847.3	388	3372.11	388	10621.2	388	4534.65	388	9423.91
389	6056.49	389	5370.94	389	14351.9	389	3499.44	389	7473.51	389	10846.6	389	3374.05	389	10608.3	389	4534.65	389	9411.68
390	6025.27	390	5343.38	390	14347.3	390	3499.44	390	7473.51	390	10854.5	390	3337.32	390	10611.5	390	4534.92	390	9426.3
391	5992.41	391	5307.93	391	14336.6	391	3493.19	391	7473.51	391	10856.2	391	3302.95	391	10623.1	391	4535.54	391	9459.41
392	5923.71	392	5284	392	14308.8	392	3493.1	392	7459.08	392	10861.2	392	3327.62	392	10623.2	392	4535.54	392	9488.28
393	5856.53	393	5267.69	393	14299.4	393	3493.1	393	7441.67	393	10872.1	393	3356.01	393	10629.1	393	4535.92	393	9493.7
394	5823.31	394	5246.46	394	14300.1	394	3496.05	394	7441.67	394	10879.3	394	3381.03	394	10629.1	394	4536.87	394	9473.9
395	5758.58	395	5240.57	395	14283.2	395	3517.21	395	7439.58	395	10882.5	395	3384.94	395	10632.2	395	4541.3	395	9468.54
396	5758.25	396	5226.91	396	14283.1	396	3531.54	396	7439.58	396	10899	396	3403.57	396	10651.4	396	4541.3	396	9460.33
397	5608.57	397	5239.4	397	14283.4	397	3544.17	397	7439.58	397	10899	397	3405.18	397	10638.9	397	4541.3	397	9460.7
398	5608.35	398	5253.94	398	14285.2	398	3548.55	398	7441.16	398	10899	398	3407.42	398	10613.8	398	4537.46	398	9468.08
399	5319.64	399	5266.1	399	14283.6	399	3565.39	399	7438.42	399	10898.8	399	3424.76	399	10607.2	399	4544.3	399	9473.23
400	5113.24	400	5282.72	400	14273.6	400	3575.36	400	7438.42	400	10889.5	400	3444.99	400	10599.3	400	4545.03	400	9473.33
401	5059.45	401	5285.02	401	14276.9	401	3594.86	401	7391.48	401	10889.5	401	3451.14	401	10582.1	401	4550.63	401	9472.82
402	5063.53	402	5311.79	402	14242.2	402	3596.97	402	7374.67	402	10888.8	402	3471.04	402	10565.7	402	4553.09	402	9478.05
403	5081.93	403	5313.53	403	14231	403	3609.35	403	7351.38	403	10888.8	403	3483.92	403	10515.7	403	4548.87	403	9490.37
404	5087.27	404	5309.77	404	14215.6	404	3610.36	404	7346.58	404	10889.4	404	3493.64	404	10500.6	404	4550.61	404	9501.81
405	5093.1	405	5305.79	405	14223.8	405	3610.36	405	7329.2	405	10878.2	405	3504.17	405	10449.4	405	4549.61	405	9501.79
406	5095.04	406	5308.27	406	14217.3	406	3611.64	406	7292.11	406	10870.6	406	3514.22	406	10397.7	406	4545.46	406	9530.76
407	5100.65	407	5299.47	407	14201.9	407	3611.95	407	7272.53	407	10849.9	407	3516.71	407	10360.7	407	4542.89	407	9544.92
408	5107.65	408	5288.6	408	14199.3	408	3613.05	408	7249.04	408	10822.4	408	3516.71	408	10352	408	4534.08	408	9556.92
409	5107.65	409	5278.51	409	14181.2	409	3607.06	409	7228.88	409	10782.9	409	3515.65	409	10325.1	409	4530.64	409	9639.27
410	5107.65	410	5266.52	410	14170.8	410	3608.47	410	7219.92	410	10784.8	410	3515.65	410	10285.1	410	4530.64	410	9641.19
411	5107.47	411	5262.99	411	14155.3	411	3598.51	411	7216.24	411	10761.2	411	3514.67	411	10247.6	411	4528.56	411	9667.46
412	5107.47	412	5249.57	412	14127.6	412	3598.6	412	7205.81	412	10789.1	412	3514.37	412	10232.6	412	4526.5	412	9671.72
413	5110.62	413	5240.59	413	14055.8	413	3605.53	413	7202.61	413	10776	413	3514.37	413	10225	413	4526.12	413	9675.78
414	5111.12	414	5240.59	414	14045.5	414	3622.23	414	7198.69	414	10752.4	414	3514.37	414	10107.1	414	4525.05	414	9676.85
415	5112.31	415	5221.3	415	14017.6	415	3635.01	415	7170.24	415	10762.1	415	3514.37	415	10047.1	415	4525.54	415	9678.8
416	5111.31	416	5214	416	13976.5	416	3651.23	416	7159.24	416	10834.8	416	3516.7	416	9921.16	416	4525.63	416	9684.94
417	5112.05	417	5190.31	417	13948.1	417	3661.56	417	7152.04	417	10899.4	417	3519.7	417	9845.42	417	4525.99	417	9689.61
418	5111.47	418	5188.43	418	13909.5	418	3680.61	418	7148.08	418	10968.4	418	3528.68	418	9745.1	418	4503.21	418	9685.28
419	5110.6	419	5188.29	419	13879.5	419	3691.53	419	7145.96	419	11022.9	419	3531.02	419	9544.69	419	4479.58	419	9683.48
420	5110.8	420	5154.9	420	13836.5	420	3700.49	420	7138.52	420	11050.5	420	3535.63	420	9495.83	420	4465.18	420	9672.22
421	5111.29	421	5143.73	421	13743.6	421	3709.18	421	7128.02	421	11190.6	421	3541.51	421	9435.88	421	4402.53	421	9672.22
422	5119.71	422	5143.69	422	13578.9	422	3711.65	422	7120.15	422	11202.5	422	3541.51	422	9392.96	422	4409.39	422	9665.09
423	5131.95	423	5136.51	423	13430.8	423	3711.85	423	7115.59	423	11205	423	3541.51	423	9393.81	423	4392.93	423	9660.99
424	5143.08	424	5124.31	424	13437	424	3726.47	424	7111.03	424	11220.9	424	3547.66	424	9393.93	424	4337.82	424	9663.98
425	5172.31	425	5119.88	425	13445.5	425	3732.74	425	7110.09	425	11220.5	425	3569.39	425	9203.17	425	4340.09	425	9678.39
426	5180.59	426	5119.62	426	13446.3	426	3735.03	426	7099.58	426	11243.9	426	3583.84	426	9210.04	426	4342.23	426	9680.22
427	5189.26	427	5119.62	427	13447.2	427	3737.7	427	7080.69	427	11263.3	427	3604.28	427	8911.54	427	4340.84	427	9682.1
428	5199.02	428	5119.74	428	13435.2	428	3756.38	428	7048.89	428	11316.8	428	3615.5	428	8912.17	428	4340.88	428	9680.65
429	5222.27	429	5119.74	429	13426.7	429	3757.62	429	7043.96	429	11359.5	429	3584.19	429	8718.79	429	4336.93	429	9704.96
430	5225.41	430	5119.74	430	13392.7	430	3765.66	430	7008.4	430	11370.5	430	3592.22	430	8435.93	430	4333.91	430	9731.74
431	5231.56	431	5110.3	431	13360.1	431	3769.43	431	6993.76	431	11446.3	431	3261.03	431	8415.48	431	4316.14	431	9742.78
432	5234.57	432	5095.87	432	13360.1	432	3781.82	432	6977.24	432	11478.3	432	3252.7	432	8412.34	432	4316.14	432	9768.7
433	5239.46	433	5050.34	433	13345.7	433	3790.52	433	6956.91	433	11506.5	433	3228.69	433	8396.64	433	4308.72	433	9765.25
434	5245.84	434	5046.36	434	13303.6	434	3803.53	434	6956.91	434	11546.4	434	3255.53	434	8364.75	434	4300.67	434	9780.24
435	5249.85	435	5017.68	435	13267.4	435	3820.49	435	6955.81	435	11567.7	435	3258.95	435	8349.86	435	4299.37	435	9782.32
436	5248.04	436	4991.88	436	13244.6	436	3829.96	436	6950.88	436	11597.5	436	3278.48	436	8322.87	436	4294.13	436	9764.62
437	5250	437	4984.1	437	13249.5	437	3843.18	437	6945.92	437	11761.6	437	3288.9	437	8322.21	437	4288.7	437	9748.88
438	5255.05	438	4957.64	438	13203.3	438	3860.34	438	6946.45	438	11741.3	438	3331.97	438	8295.28	438	4271.87	438	9745.76
439	5238.91	439	4932.82	439	13121	439	3870.09	439	6945.79	439	11722.5	439	3339.63	439	8286.99	439	4268.36	439	9730.84
440	5239.77	440	4927.26	440	13121	440	3871.45	440	6944.6	440	11813.6	440	3341.1	440	8291.65	440	4267.81	440	9728.97
441	5243.46	441	4927.02	441	13121	441	3876.63	441	6942.28	441	11811	441	3339.75	441	8295.49	441	4267.81	441	9748.08
442	5247.75	442	4920.64	442	13103.2	442	3879.34	442	6939.01	442	11803	442	3336.4	442	8297.99	442	4267.81	442	9752.37
443	5253.79	443	4898.84	443	13097.9	443	3881.56	443	6936.3	443	11834.7	443	3332.76	443	8294.03	443	4263.61	443	9741.76
444	5254.98	444	4890.82	444	13087.8	444	3880.35	444	6936.27	444	11823.8	444	3334.22	444	8230.21	444	4259.62	444	9743.1
445	5254.24	445	4874.3	445	13078	445	3888.55	445	6832.62	445	11844.8	445	3334.02	445	8162.23	445	4246.99	445	9748.66
446	5255.37	446	4874.3	446	13089.9	446	3888.55	446	6696.72	446	11842.2	446	3334.16	446	8123.51	446	4243.76	446	9763.33
447	5255.01	447	4856.91	447	13088	447	3888.66	447	6630.45	447	11845.8	447	3334.16	447	8078.91	447	4239.97	447	9765.04
448	5258.36	448	4856.91	448	13070.7	448	3889.3	448	6618.35	448	11845.8	448	3342.8	448	8076.47	448	4238.15	448	9765.56
449	5262.75	449	4856.91	449	13064.6	449	3895.64	449	6598.37	449	11845.2	449	3342.82	449	8059.86	449	4237	449	9764.48
450	5262.02	450	4853.58	450	13034.5	450	3916.03	450	6552.27	450	11844	450	3348.11	450	8059.86	450	4233.37	450	9782.48
451	5265.36	451	4853.5	451	13008.4	451	3930.37	451	6545.62	451	11841.7	451	3369.71	451	8050.2	451	4234.83	451	9782.48
452	5266.12	452	4847.16	452	13008.4	452	3944.31	452	6539.37	452	11839.3	452	3411.22	452	8038.63	452	4234.29	452	9787.82
453	5267.72	453	4839.89	453	12964.1	453	3951.76	453	6527.58	453	11841.4	453	3466.29	453	8019.06	453	4235.7	453	9812.46
454	5265.95	454	4828.47	454	12935.6	454	3949.04	454	6517.04	454	11831.8	454	3493.88	454	8001.56	454	4235.7	454	9824.77
455	5266.8	455	4830.64	455	12935.6	455	3947.45	455	6506.27	455	11836.4	455	3517.59	455	7988.89	455	4235.7	455	9837.36
456	5266.8	456	4830.35	456	12927.8	456	3942.2	456	6500.91	456	11835.8	456	3517.59	456	7939.72	456	4242.29	456	9855.81
457	5266.8	457	4828.32	457	12910	457	3943.29	457	6489.48	457	11835.8	457	3545.98	457	7913.37	457	4249.47	457	9855.81
458	5264.74	458	4826.63	458	12884.8	458	3946.05	458	6459.16	458	11838.4	458	3555.15	458	7872.75	458	4251.89	458	9861.63
459	5264.74	459	4828.56	459	12853.7	459	3948.25	459	6435.24	459	11828	459	3556.35	459	7819.65	459	4261.32	459	9867.91
460	5259.86	460	4817.87	460	12806.7	460	3953.41	460	6459.67	460	11845.2	460	3558.75	460	7753.41	460	4263.36	460	9867.17
461	5259.86	461	4811.08	461	12792.1	461	3952.34	461	6441.6	461	11849.8	461	3574.33	461	7694.5	461	4263.5	461	9867.26
462	5259.86	462	4801.82	462	12790.9	462	3953.54	462	6462	462	11872.9	462	3598.46	462	7693.45	462	4262.69	462	9832.66
463	5259.86	463	4800.57	463	12802.8	463	3955.54	463	6465.7	463	11875.1	463	3617.83	463	7694.28	463	4257.91	463	9778.74
464	5259.86	464	4800.79	464	12871.8	464	3958.57	464	6473.26	464	11925.1	464	3618.27	464	7651.5	464	4256.38	464	9753.3
465	5257.1	465	4800.79	465	12864.8	465	3964.4	465	6472.59	465	11999.7	465	3597.39	465	7651.27	465	4250.76	465	9737.63
466	5266.39	466	4801	466	12843	466	3971.65	466	6473.65	466	12069.6	466	3583.75	466	7647.49	466	4246.72	466	9708.91
467	5269.94	467	4798.63	467	12813.6	467	3976.09	467	6475.19	467	12163	467	3587.53	467	7624.5	467	4238.29	467	9702.31
468	5273.83	468	4802.88	468	12798.1	468	3979.92	468	6470.52	468	12219.9	468	3612.32	468	7593.34	468	4236.44	468	9673.01
469	5280.53	469	4807.25	469	12798.1	469	3984.02	469	6470.95	469	12239.3	469	3609.14	469	7584.22	469	4233.62	469	9672.96
470	5279.23	470	4803.08	470	12788.1	470	3984.02	470	6471.25	470	12254	470	3615.17	470	7554.42	470	4225.83	470	9668.4
471	5281.87	471	4803.57	471	12773.7	471	3984.02	471	6471.25	471	12250.5	471	3599.72	471	7519.75	471	4207.74	471	9668.6
472	5277.15	472	4800.51	472	12765.2	472	3984	472	6462.13	472	12264.1	472	3599.29	472	7485.41	472	4195.15	472	9665.75
473	5271.62	473	4788.23	473	12738.4	473	3990.69	473	6459.4	473	12256.6	473	3601.53	473	7444.45	473	4195.15	473	9663.06
474	5260.91	474	4777.24	474	12711.9	474	3995.99	474	6456.88	474	12263.4	474	3591.58	474	7409.03	474	4196.93	474	9659.42
475	5250.8	475	4758.77	475	12698.7	475	4000.85	475	6456.88	475	12267.1	475	3555.37	475	7397.99	475	4198.3	475	9664.59
476	5247.54	476	4748.67	476	12690.9	476	4005.28	476	6456.88	476	12268.5	476	3559.86	476	7378.36	476	4196.74	476	9664.59
477	5256.22	477	4745.29	477	12690.9	477	4005.28	477	6457.43	477	12272.1	477	3555.78	477	7362.68	477	4199.56	477	9664.59
478	5245.89	478	4735.33	478	12690.9	478	4005.28	478	6457.43	478	12276.3	478	3579.86	478	7348.24	478	4197.51	478	9659.7
479	5238.08	479	4729.24	479	12694	479	4008.51	479	6457.43	479	12274	479	3552.32	479	7348.24	479	4196.84	479	9654.74
480	5235.26	480	4729.24	480	12692.6	480	4008.21	480	6457.43	480	12275.1	480	3473.27	480	7333.99	480	4194.8	480	9656.83
481	5235.26	481	4725.96	481	12688.1	481	4006.3	481	6457.43	481	12275.1	481	3434.41	481	7329.54	481	4194.8	481	9656.83
482	5235.26	482	4720.74	482	12691.3	482	4004.42	482	6455.57	482	12275.1	482	3434.41	482	7315.01	482	4194.8	482	9656.83
483	5235.26	483	4715.62	483	12693.3	483	4004.61	483	6455.81	483	12275.1	483	3326.32	483	7288.57	483	4194.8	483	9656.83
484	5235.26	484	4711.75	484	12693.3	484	4003.73	484	6449	484	12275.1	484	3258.87	484	7224.34	484	4194.8	484	9656.83
485	5237.68	485	4711.75	485	12693.3	485	4003.95	485	6447.47	485	12275.1	485	3258.87	485	7189.67	485	4194.8	485	9656.83
486	5247.65	486	4711.75	486	12693.3	486	4004.35	486	6443.02	486	12275.1	486	3222.41	486	7171.83	486	4194.8	486	9656.83
487	5247.65	487	4711.75	487	12693.3	487	4004.35	487	6443.02	487	12275.1	487	3222.41	487	7141.03	487	4194.8	487	9656.83
488	5258.46	488	4711.75	488	12693.3	488	4004.35	488	6443.02	488	12275.1	488	3222.41	488	7110.13	488	4194.8	488	9656.83
489	5262.78	489	4711.75	489	12693.3	489	4004.35	489	6443.02	489	12275.1	489	3222.41	489	7092.48	489	4194.8	489	9656.83
490	5262.78	490	4711.75	490	12693.3	490	4004.35	490	6443.02	490	12275.1	490	3222.41	490	7092.48	490	4194.8	490	9656.83
491	5262.78	491	4711.75	491	12693.3	491	4004.35	491	6443.02	491	12275.1	491	3222.41	491	7092.48	491	4194.8	491	9656.83
492	5262.78	492	4711.75	492	12693.3	492	4004.35	492	6272.44	492	12275.1	492	3222.41	492	7092.48	492	4194.8	492	9656.83
493	5262.78	493	4711.75	493	12693.3	493	4004.35	493	6188.85	493	12275.1	493	3222.41	493	7092.48	493	4194.8	493	9656.83
494	5262.78	494	4711.75	494	12693.3	494	4004.35	494	5944.72	494	12275.1	494	3222.41	494	7092.48	494	4194.8	494	9656.83
495	5262.78	495	4655.78	495	12693.3	495	4004.35	495	5944.72	495	12275.1	495	3222.41	495	7092.48	495	4194.8	495	9656.83
496	5262.78	496	4545.82	496	12693.3	496	4004.35	496	5710.21	496	12275.1	496	3222.41	496	7092.48	496	4194.8	496	9656.83
497	5262.78	497	4491.81	497	12693.3	497	4004.35	497	5710.21	497	12275.1	497	3222.41	497	7092.48	497	4194.8	497	9656.83
498	5262.78	498	4385.73	498	12693.3	498	4004.35	498	5634.12	498	12275.1	498	3222.41	498	7092.48	498	4194.8	498	9656.83
499	5262.78	499	4385.73	499	12693.3	499	4004.35	499	5634.12	499	12275.1	499	3222.41	499	7092.48	499	4194.8	499	9656.83
500	5262.78	500	4231.27	500	12693.3	500	4004.35	500	5634.12	500	12275.1	500	3222.41	500	7092.48	500	4194.8	500	9656.83
501	5262.78	501	4181.01	501	12552.4	501	4004.35	501	5634.12	501	12275.1	501	3222.41	501	7092.48	501	4194.8	501	9656.83
502	5262.78	502	4181.01	502	12138.9	502	4004.35	502	5634.12	502	12275.1	502	3222.41	502	7092.48	502	4194.8	502	9656.83
503	5262.78	503	4181.01	503	11608.7	503	4004.35	503	5634.12	503	12275.1	503	3222.41	503	7092.48	503	4194.8	503	9656.83
504	5262.78	504	4181.01	504	11479.8	504	4004.35	504	5634.12	504	12275.1	504	3222.41	504	7092.48	504	4194.8	504	9656.83
505	5262.78	505	4181.01	505	11352.3	505	4004.35	505	5634.12	505	12275.1	505	3222.41	505	7092.48	505	4194.8	505	9656.83
506	5262.78	506	4181.01	506	11352.3	506	4004.35	506	5634.12	506	12275.1	506	3222.41	506	7092.48	506	4194.8	506	9656.83
507	5262.78	507	4181.01	507	11352.3	507	4004.35	507	5634.12	507	12275.1	507	3222.41	507	7092.48	507	4194.8	507	9656.83
508	5262.78	508	4181.01	508	11352.3	508	4004.35	508	5634.12	508	12275.1	508	3222.41	508	7092.48	508	4194.8	508	9656.83
509	5262.78	509	4181.01	509	11352.3	509	4004.35	509	5634.12	509	12275.1	509	3222.41	509	7092.48	509	4194.8	509	9656.83
510	5262.78	510	4181.01	510	11352.3	510	4004.35	510	5634.12	510	12275.1	510	3222.41	510	7092.48	510	4194.8	510	9656.83
511	5262.78	511	4181.01	511	11352.3	511	4004.35	511	5634.12	511	12275.1	511	3222.41	511	7092.48	511	4194.8	511	9656.83
512	5262.78	512	4181.01	512	11352.3	512	4004.35	512	5634.12	512	12275.1	512	3222.41	512	7092.48	512	4194.8	512	9656.83
513	5262.78	513	4181.01	513	11352.3	513	4004.35	513	5634.12	513	12275.1	513	3222.41	513	7092.48	513	4194.8	513	9656.83
514	5262.78	514	4181.01	514	11352.3	514	4004.35	514	5634.12	514	12275.1	514	3222.41	514	7092.48	514	4194.8	514	9656.83
515	5262.78	515	4181.01	515	11352.3	515	4004.35	515	5634.12	515	12275.1	515	3222.41	515	7092.48	515	4194.8	515	9656.83
516	5262.78	516	4181.01	516	11352.3	516	4004.35	516	5634.12	516	12275.1	516	3222.41	516	7092.48	516	4194.8	516	9656.83
517	5262.78	517	4181.01	517	11352.3	517	4004.35	517	5634.12	517	12275.1	517	3222.41	517	7092.48	517	4194.8	517	9656.83
518	5262.78	518	4181.01	518	11352.3	518	4004.35	518	5634.12	518	12275.1	518	3222.41	518	7092.48	518	4194.8	518	9656.83
519	5262.78	519	4181.01	519	11352.3	519	4004.35	519	5634.12	519	12275.1	519	3222.41	519	7092.48	519	4194.8	519	9656.83
520	5262.78	520	4181.01	520	11352.3	520	4004.35	520	5634.12	520	12275.1	520	3222.41	520	7092.48	520	4194.8	520	9656.83
521	5262.78	521	4181.01	521	11352.3	521	4004.35	521	5634.12	521	12275.1	521	3222.41	521	7092.48	521	4194.8	521	9656.83
522	5262.78	522	4181.01	522	11352.3	522	4004.35	522	5634.12	522	12275.1	522	3222.41	522	7092.48	522	4194.8	522	9656.83
523	5262.78	523	4181.01	523	11352.3	523	4004.35	523	5634.12	523	12275.1	523	3222.41	523	7092.48	523	4194.8	523	9656.83
524	5262.78	524	4181.01	524	11352.3	524	4004.35	524	5634.12	524	12275.1	524	3222.41	524	7092.48	524	4194.8	524	9656.83
525	5262.78	525	4181.01	525	11352.3	525	4004.35	525	5634.12	525	12275.1	525	3222.41	525	7092.48	525	4194.8	525	9656.83
526	5262.78	526	4181.01	526	11352.3	526	4004.35	526	5634.12	526	12275.1	526	3222.41	526	7092.48	526	4194.8	526	9656.83
527	5262.78	527	4181.01	527	11352.3	527	4004.35	527	5634.12	527	12275.1	527	3222.41	527	7092.48	527	4194.8	527	9656.83
528	5262.78	528	4181.01	528	11352.3	528	4004.35	528	5634.12	528	12275.1	528	3222.41	528	7092.48	528	4194.8	528	9656.83
529	5262.78	529	4181.01	529	11352.3	529	4004.35	529	5634.12	529	12275.1	529	3222.41	529	7092.48	529	4194.8	529	9656.83
530	5262.78	530	4181.01	530	11352.3	530	4004.35	530	5634.12	530	12275.1	530	3222.41	530	7092.48	530	4194.8	530	9656.83
531	5262.78	531	4181.01	531	11352.3	531	4004.35	531	5634.12	531	12275.1	531	3222.41	531	7092.48	531	4194.8	531	9656.83
532	5262.78	532	4181.01	532	11352.3	532	4004.35	532	5634.12	532	12275.1	532	3222.41	532	7092.48	532	4194.8	532	9656.83
533	5262.78	533	4181.01	533	11352.3	533	4004.35	533	5634.12	533	12275.1	533	3222.41	533	7092.48	533	4194.8	533	9656.83
534	5262.78	534	4181.01	534	11352.3	534	4004.35	534	5634.12	534	12275.1	534	3222.41	534	7092.48	534	4194.8	534	9656.83
535	5262.78	535	4181.01	535	11352.3	535	4004.35	535	5634.12	535	12275.1	535	3222.41	535	7092.48	535	4194.8	535	9656.83
536	5262.78	536	4181.01	536	11352.3	536	4004.35	536	5634.12	536	12275.1	536	3222.41	536	7092.48	536	4194.8	536	9656.83
537	5262.78	537	4181.01	537	11352.3	537	4004.35	537	5634.12	537	12275.1	537	3222.41	537	7092.48	537	4194.8	537	9656.83
538	5262.78	538	4181.01	538	11352.3	538	4004.35	538	5634.12	538	12275.1	538	3222.41	538	7092.48	538	4194.8	538	9656.83
539	5262.78	539	4181.01	539	11352.3	539	4004.35	539	5634.12	539	12275.1	539	3222.41	539	7092.48	539	4194.8	539	9656.83
540	5262.78	540	4181.01	540	11352.3	540	4004.35	540	5634.12	540	12275.1	540	3222.41	540	7092.48	540	4194.8	540	9656.83
541	5262.78	541	4181.01	541	11352.3	541	4004.35	541	5634.12	541	12275.1	541	3222.41	541	7092.48	541	4194.8	541	9656.83
542	5262.78	542	4181.01	542	11352.3	542	4004.35	542	5634.12	542	12275.1	542	3222.41	542	7092.48	542	4194.8	542	9656.83
543	5262.78	543	4181.01	543	11352.3	543	4004.35	543	5634.12	543	12275.1	543	3222.41	543	7092.48	543	4194.8	543	9656.83
544	5262.78	544	4181.01	544	11352.3	544	4004.35	544	5634.12	544	12275.1	544	3222.41	544	7092.48	544	4194.8	544	9656.83
545	5262.78	545	4181.01	545	11352.3	545	4004.35	545	5634.12	545	12275.1	545	3222.41	545	7092.48	545	4194.8	545	9656.83
546	5262.78	546	4181.01	546	11352.3	546	4004.35	546	5634.12	546	12275.1	546	3222.41	546	7092.48	546	4194.8	546	9656.83
547	5262.78	547	4181.01	547	11352.3	547	4004.35	547	5634.12	547	12275.1	547	3222.41	547	7092.48	547	4194.8	547	9656.83
548	5262.78	548	4181.01	548	11352.3	548	4004.35	548	5634.12	548	12275.1	548	3222.41	548	7092.48	548	4194.8	548	9656.83
549	5262.78	549	4181.01	549	11352.3	549	4004.35	549	5634.12	549	12275.1	549	3222.41	549	7092.48	549	4194.8	549	9656.83
550	5262.78	550	4181.01	550	11352.3	550	4004.35	550	5634.12	550	12275.1	550	3222.41	550	7092.48	550	4194.8	550	9656.83
551	5262.78	551	4181.01	551	11352.3	551	4004.35	551	5634.12	551	12275.1	551	3222.41	551	7092.48	551	4194.8	551	9656.83
552	5262.78	552	4181.01	552	11352.3	552	4004.35	552	5634.12	552	12275.1	552	3222.41	552	7092.48	552	4194.8	552	9656.83
553	5262.78	553	4181.01	553	11352.3	553	4004.35	553	5634.12	553	12275.1	553	3222.41	553	7092.48	553	4194.8	553	9656.83
554	5262.78	554	4181.01	554	11352.3	554	4004.35	554	5634.12	554	12275.1	554	3222.41	554	6821.88	554	4194.8	554	9656.83
555	5262.78	555	4181.01	555	11352.3	555	4004.35	555	5634.12	555	12275.1	555	3222.41	555	6821.88	555	4194.8	555	9656.83
556	5262.78	556	4181.01	556	11352.3	556	4004.35	556	5634.12	556	12275.1	556	3222.41	556	6477.06	556	4194.8	556	9656.83
557	5262.78	557	4181.01	557	11352.3	557	4004.35	557	5634.12	557	12275.1	557	3222.41	557	6477.06	557	4194.8	557	9656.83
558	5262.78	558	4181.01	558	11352.3	558	4004.35	558	5634.12	558	12275.1	558	3222.41	558	6229.94	558	4194.8	558	9656.83
559	5262.78	559	4181.01	559	11352.3	559	4004.35	559	5634.12	559	12275.1	559	3222.41	559	6229.94	559	4194.8	559	9656.83
560	5262.78	560	4181.01	560	11352.3	560	4004.35	560	5634.12	560	12275.1	560	3222.41	560	6229.94	560	4194.8	560	9656.83
561	5262.78	561	4181.01	561	11352.3	561	4004.35	561	5634.12	561	12275.1	561	3222.41	561	6229.94	561	4194.8	561	9656.83
562	5262.78	562	4181.01	562	11352.3	562	4004.35	562	5634.12	562	12275.1	562	3222.41	562	6229.94	562	4194.8	562	9656.83
563	5262.78	563	4181.01	563	11352.3	563	4004.35	563	5634.12	563	12275.1	563	3222.41	563	6229.94	563	4194.8	563	9656.83
564	5262.78	564	4181.01	564	11352.3	564	4004.35	564	5634.12	564	12275.1	564	3222.41	564	6229.94	564	4194.8	564	9656.83
565	5262.78	565	4181.01	565	11352.3	565	4004.35	565	5634.12	565	12275.1	565	3222.41	565	6229.94	565	4194.8	565	9656.83
566	5262.78	566	4181.01	566	11352.3	566	4004.35	566	5634.12	566	12275.1	566	3222.41	566	6229.94	566	4194.8	566	9656.83
567	5262.78	567	4181.01	567	11352.3	567	4004.35	567	5634.12	567	12275.1	567	3222.41	567	6229.94	567	4194.8	567	9656.83
568	5262.78	568	4181.01	568	11352.3	568	4004.35	568	5634.12	568	12275.1	568	3222.41	568	6229.94	568	4194.8	568	9656.83
569	5262.78	569	4181.01	569	11352.3	569	4004.35	569	5634.12	569	12275.1	569	3222.41	569	6229.94	569	4194.8	569	9656.83
570	5262.78	570	4181.01	570	11352.3	570	4004.35	570	5634.12	570	12275.1	570	3222.41	570	6229.94	570	4194.8	570	9656.83
571	5262.78	571	4181.01	571	11352.3	571	4004.35	571	5634.12	571	12275.1	571	3222.41	571	6229.94	571	4194.8	571	9656.83
572	5262.78	572	4181.01	572	11352.3	572	4004.35	572	5634.12	572	12275.1	572	3222.41	572	6229.94	572	4194.8	572	9656.83
573	5262.78	573	4181.01	573	11352.3	573	4004.35	573	5634.12	573	12275.1	573	3222.41	573	6229.94	573	4194.8	573	9656.83
574	5262.78	574	4181.01	574	11352.3	574	4004.35	574	5634.12	574	12275.1	574	3222.41	574	6229.94	574	4194.8	574	9656.83
575	5262.78	575	4181.01	575	11352.3	575	4004.35	575	5634.12	575	12275.1	575	3222.41	575	6229.94	575	4194.8	575	9656.83
576	5262.78	576	4181.01	576	11352.3	576	4004.35	576	5634.12	576	12275.1	576	3222.41	576	6229.94	576	4194.8	576	9656.83
577	5262.78	577	4181.01	577	11352.3	577	4004.35	577	5634.12	577	12275.1	577	3222.41	577	6229.94	577	4194.8	577	9656.83
578	5262.78	578	4181.01	578	11352.3	578	4004.35	578	5634.12	578	12275.1	578	3222.41	578	6229.94	578	4194.8	578	9656.83
579	5262.78	579	4181.01	579	11352.3	579	4004.35	579	5634.12	579	12275.1	579	3222.41	579	6229.94	579	4194.8	579	9656.83
580	5262.78	580	4181.01	580	11352.3	580	4004.35	580	5634.12	580	12275.1	580	3222.41	580	6229.94	580	4194.8	580	9656.83
581	5262.78	581	4181.01	581	11352.3	581	4004.35	581	5634.12	581	12275.1	581	3222.41	581	6229.94	581	4194.8	581	9656.83
582	5262.78	582	4181.01	582	11352.3	582	4004.35	582	5634.12	582	12275.1	582	3222.41	582	6229.94	582	4194.8	582	9656.83
583	5262.78	583	4181.01	583	11352.3	583	4004.35	583	5634.12	583	12275.1	583	3222.41	583	6229.94	583	4194.8	583	9656.83
584	5262.78	584	4181.01	584	11352.3	584	4004.35	584	5634.12	584	12275.1	584	3222.41	584	6229.94	584	4194.8	584	9656.83
585	5262.78	585	4181.01	585	11352.3	585	4004.35	585	5634.12	585	12275.1	585	3222.41	585	6229.94	585	4194.8	585	9656.83
586	5262.78	586	4181.01	586	11352.3	586	4004.35	586	5634.12	586	12275.1	586	3222.41	586	6229.94	586	4194.8	586	9656.83
587	5262.78	587	4181.01	587	11352.3	587	4004.35	587	5634.12	587	12275.1	587	3222.41	587	6229.94	587	4194.8	587	9656.83
588	5262.78	588	4181.01	588	11352.3	588	4004.35	588	5634.12	588	12275.1	588	3222.41	588	6229.94	588	4194.8	588	9656.83
589	5262.78	589	4181.01	589	11352.3	589	4004.35	589	5634.12	589	12275.1	589	3222.41	589	6229.94	589	4194.8	589	9656.83
590	5262.78	590	4181.01	590	11352.3	590	4004.35	590	5634.12	590	12275.1	590	3222.41	590	6229.94	590	4194.8	590	9656.83
591	5262.78	591	4181.01	591	11352.3	591	4004.35	591	5634.12	591	12275.1	591	3222.41	591	6229.94	591	4194.8	591	9656.83
592	5262.78	592	4181.01	592	11352.3	592	4004.35	592	5634.12	592	12275.1	592	3222.41	592	6229.94	592	4194.8	592	9656.83
593	5262.78	593	4181.01	593	11352.3	593	4004.35	593	5634.12	593	12275.1	593	3222.41	593	6229.94	593	4194.8	593	9656.83
594	5262.78	594	4181.01	594	11352.3	594	4004.35	594	5634.12	594	12275.1	594	3222.41	594	6229.94	594	4194.8	594	9656.83
595	5262.78	595	4181.01	595	11352.3	595	4004.35	595	5634.12	595	12275.1	595	3222.41	595	6229.94	595	4194.8	595	9656.83
596	5262.78	596	4181.01	596	11352.3	596	4004.35	596	5634.12	596	12275.1	596	3222.41	596	6229.94	596	4194.8	596	9656.83
597	5262.78	597	4181.01	597	11352.3	597	4004.35	597	5634.12	597	12275.1	597	3222.41	597	6229.94	597	4194.8	597	9656.83
598	5262.78	598	4181.01	598	11352.3	598	4004.35	598	5634.12	598	12275.1	598	3222.41	598	6229.94	598	4194.8	598	9656.83
599	5262.78	599	4181.01	599	11352.3	599	4004.35	599	5634.12	599	12275.1	599	3222.41	599	6229.94	599	4194.8	599	9656.83
600	5262.78	600	4181.01	600	11352.3	600	4004.35	600	5634.12	600	12275.1	600	3222.41	600	6229.94	600	4194.8	600	9656.83
601	5262.78	601	4181.01	601	11352.3	601	4004.35	601	5634.12	601	12275.1	601	3222.41	601	6229.94	601	4194.8	601	9656.83
602	5262.78	602	4181.01	602	11352.3	602	4004.35	602	5634.12	602	12275.1	602	3222.41	602	6229.94	602	4194.8	602	9656.83
603	5262.78	603	4181.01	603	11352.3	603	4004.35	603	5634.12	603	12275.1	603	3222.41	603	6229.94	603	4194.8	603	9656.83
604	5262.78	604	4181.01	604	11352.3	604	4004.35	604	5634.12	604	12275.1	604	3222.41	604	6229.94	604	4194.8	604	9656.83
605	5262.78	605	4181.01	605	11352.3	605	4004.35	605	5634.12	605	12275.1	605	3222.41	605	6229.94	605	4194.8	605	9656.83
606	5262.78	606	4181.01	606	11352.3	606	4004.35	606	5634.12	606	12275.1	606	3222.41	606	6229.94	606	4194.8	606	9656.83
607	5262.78	607	4181.01	607	11352.3	607	4004.35	607	5634.12	607	12275.1	607	3222.41	607	6229.94	607	4194.8	607	9656.83
608	5262.78	608	4181.01	608	11352.3	608	4004.35	608	5634.12	608	12275.1	608	3222.41	608	6229.94	608	4194.8	608	9656.83
609	5262.78	609	4181.01	609	11352.3	609	4004.35	609	5634.12	609	12275.1	609	3222.41	609	6229.94	609	4194.8	609	9656.83
610	5262.78	610	4181.01	610	11352.3	610	4004.35	610	5634.12	610	12275.1	610	3222.41	610	6229.94	610	4194.8	610	9656.83
611	5262.78	611	4181.01	611	11352.3	611	4004.35	611	5634.12	611	12275.1	611	3222.41	611	6229.94	611	4194.8	611	9656.83
612	5262.78	612	4181.01	612	11352.3	612	4004.35	612	5634.12	612	12275.1	612	3222.41	612	6229.94	612	4194.8	612	9656.83
613	5262.78	613	4181.01	613	11352.3	613	4004.35	613	5634.12	613	12275.1	613	3222.41	613	6229.94	613	4194.8	613	9656.83
614	5262.78	614	4181.01	614	11352.3	614	4004.35	614	5634.12	614	12275.1	614	3222.41	614	6229.94	614	4194.8	614	9656.83
615	5262.78	615	4181.01	615	11352.3	615	4004.35	615	5634.12	615	12275.1	615	3222.41	615	6229.94	615	4194.8	615	9656.83
616	5262.78	616	4181.01	616	11352.3	616	4004.35	616	5634.12	616	12275.1	616	3222.41	616	6229.94	616	4194.8	616	9656.83
617	5262.78	617	4181.01	617	11352.3	617	4004.35	617	5634.12	617	12275.1	617	3222.41	617	6229.94	617	4194.8	617	9656.83
618	5262.78	618	4181.01	618	11352.3	618	4004.35	618	5634.12	618	12275.1	618	3222.41	618	6229.94	618	4194.8	618	9656.83
619	5262.78	619	4181.01	619	11352.3	619	4004.35	619	5634.12	619	12275.1	619	3222.41	619	6229.94	619	4194.8	619	9656.83
620	5262.78	620	4181.01	620	11352.3	620	4004.35	620	5634.12	620	12275.1	620	3222.41	620	6229.94	620	4194.8	620	9656.83
621	5262.78	621	4181.01	621	11352.3	621	4004.35	621	5634.12	621	12275.1	621	3222.41	621	6229.94	621	4194.8	621	9656.83
622	5262.78	622	4181.01	622	11352.3	622	4004.35	622	5634.12	622	12275.1	622	3222.41	622	6229.94	622	4194.8	622	9656.83
623	5262.78	623	4181.01	623	11352.3	623	4004.35	623	5634.12	623	12275.1	623	3222.41	623	6229.94	623	4194.8	623	9656.83
624	5262.78	624	4181.01	624	11352.3	624	4004.35	624	5634.12	624	12275.1	624	3222.41	624	6229.94	624	4194.8	624	9656.83
625	5262.78	625	4181.01	625	11352.3	625	4004.35	625	5634.12	625	12275.1	625	3222.41	625	6229.94	625	4194.8	625	9656.83
626	5262.78	626	4181.01	626	11352.3	626	4004.35	626	5634.12	626	12275.1	626	3222.41	626	6229.94	626	4194.8	626	9656.83
627	5262.78	627	4181.01	627	11352.3	627	4004.35	627	5634.12	627	12275.1	627	3222.41	627	6229.94	627	4194.8	627	9656.83
628	5262.78	628	4181.01	628	11352.3	628	4004.35	628	5634.12	628	12275.1	628	3222.41	628	6229.94	628	4194.8	628	9656.83
629	5262.78	629	4181.01	629	11352.3	629	4004.35	629	5634.12	629	12275.1	629	3222.41	629	6229.94	629	4194.8	629	9656.83
630	5262.78	630	4181.01	630	11352.3	630	4004.35	630	5634.12	630	12275.1	630	3222.41	630	6229.94	630	4194.8	630	9656.83
631	5262.78	631	4181.01	631	11352.3	631	4004.35	631	5634.12	631	12275.1	631	3222.41	631	6229.94	631	4194.8	631	9656.83
632	5262.78	632	4181.01	632	11352.3	632	4004.35	632	5634.12	632	12275.1	632	3222.41	632	6229.94	632	4194.8	632	9656.83
633	5262.78	633	4181.01	633	11352.3	633	4004.35	633	5634.12	633	12275.1	633	3222.41	633	6229.94	633	4194.8	633	9656.83
634	5262.78	634	4181.01	634	11352.3	634	4004.35	634	5634.12	634	12275.1	634	3222.41	634	6229.94	634	4194.8	634	9656.83
635	5262.78	635	4181.01	635	11352.3	635	4004.35	635	5634.12	635	12275.1	635	3222.41	635	6229.94	635	4194.8	635	9656.83
636	5262.78	636	4181.01	636	11352.3	636	4004.35	636	5634.12	636	12275.1	636	3222.41	636	6229.94	636	4194.8	636	9656.83
637	5262.78	637	4181.01	637	11352.3	637	4004.35	637	5634.12	637	12275.1	637	3222.41	637	6229.94	637	4194.8	637	9656.83
638	5262.78	638	4181.01	638	11352.3	638	4004.35	638	5634.12	638	12275.1	638	3222.41	638	6229.94	638	4194.8	638	9656.83
639	5262.78	639	4181.01	639	11352.3	639	4004.35	639	5634.12	639	12275.1	639	3222.41	639	6229.94	639	4194.8	639	9656.83
640	5262.78	640	4181.01	640	11352.3	640	4004.35	640	5634.12	640	12275.1	640	3222.41	640	6229.94	640	4194.8	640	9656.83
641	5262.78	641	4181.01	641	11352.3	641	4004.35	641	5634.12	641	12275.1	641	3222.41	641	6229.94	641	4194.8	641	9656.83
642	5262.78	642	4181.01	642	11352.3	642	4004.35	642	5634.12	642	12275.1	642	3222.41	642	6229.94	642	4194.8	642	9656.83
643	5262.78	643	4181.01	643	11352.3	643	4004.35	643	5634.12	643	12275.1	643	3222.41	643	6229.94	643	4194.8	643	9656.83
644	5262.78	644	4181.01	644	11352.3	644	4004.35	644	5634.12	644	12275.1	644	3222.41	644	6229.94	644	4194.8	644	9656.83
645	5262.78	645	4181.01	645	11352.3	645	4004.35	645	5634.12	645	12275.1	645	3222.41	645	6229.94	645	4194.8	645	9656.83
646	5262.78	646	4181.01	646	11352.3	646	4004.35	646	5634.12	646	12275.1	646	3222.41	646	6229.94	646	4194.8	646	9656.83
647	5262.78	647	4181.01	647	11352.3	647	4004.35	647	5634.12	647	12275.1	647	3222.41	647	6229.94	647	4194.8	647	9656.83
648	5262.78	648	4181.01	648	11352.3	648	4004.35	648	5634.12	648	12275.1	648	3222.41	648	6229.94	648	4194.8	648	9656.83
649	5262.78	649	4181.01	649	11352.3	649	4004.35	649	5634.12	649	12275.1	649	3222.41	649	6229.94	649	4194.8	649	9656.83
650	5262.78	650	4181.01	650	11352.3	650	4004.35	650	5634.12	650	12275.1	650	3222.41	650	6229.94	650	4194.8	650	9656.83
651	5262.78	651	4181.01	651	11352.3	651	4004.35	651	5634.12	651	12275.1	651	3222.41	651	6229.94	651	4194.8	651	9656.83
652	5262.78	652	4181.01	652	11352.3	652	4004.35	652	5634.12	652	12275.1	652	3222.41	652	6229.94	652	4194.8	652	9656.83
653	5262.78	653	4181.01	653	11352.3	653	4004.35	653	5634.12	653	12275.1	653	3222.41	653	6229.94	653	4194.8	653	9656.83
654	5262.78	654	4181.01	654	11352.3	654	4004.35	654	5634.12	654	12275.1	654	3222.41	654	6229.94	654	4194.8	654	9656.83
655	5262.78	655	4181.01	655	11352.3	655	4004.35	655	5634.12	655	12275.1	655	3222.41	655	6229.94	655	4194.8	655	9656.83
656	5262.78	656	4181.01	656	11352.3	656	4004.35	656	5634.12	656	12275.1	656	3222.41	656	6229.94	656	4194.8	656	9656.83
657	5262.78	657	4181.01	657	11352.3	657	4004.35	657	5634.12	657	12275.1	657	3222.41	657	6229.94	657	4194.8	657	9656.83
658	5262.78	658	4181.01	658	11352.3	658	4004.35	658	5634.12	658	12275.1	658	3222.41	658	6229.94	658	4194.8	658	9656.83
659	5262.78	659	4181.01	659	11352.3	659	4004.35	659	5634.12	659	12275.1	659	3222.41	659	6229.94	659	4194.8	659	9656.83
660	5262.78	660	4181.01	660	11352.3	660	4004.35	660	5634.12	660	12275.1	660	3222.41	660	6229.94	660	4194.8	660	9656.83
661	5262.78	661	4181.01	661	11352.3	661	4004.35	661	5634.12	661	12275.1	661	3222.41	661	6229.94	661	4194.8	661	9656.83
662	5262.78	662	4181.01	662	11352.3	662	4004.35	662	5634.12	662	12275.1	662	3222.41	662	6229.94	662	4194.8	662	9656.83
663	5262.78	663	4181.01	663	11352.3	663	4004.35	663	5634.12	663	12275.1	663	3222.41	663	6229.94	663	4194.8	663	9656.83
664	5262.78	664	4181.01	664	11352.3	664	4004.35	664	5634.12	664	12275.1	664	3222.41	664	6229.94	664	4194.8	664	9656.83
665	5262.78	665	4181.01	665	11352.3	665	4004.35	665	5634.12	665	12275.1	665	3222.41	665	6229.94	665	4194.8	665	9656.83
666	5262.78	666	4181.01	666	11352.3	666	4004.35	666	5634.12	666	12275.1	666	3222.41	666	6229.94	666	4194.8	666	9656.83
667	5262.78	667	4181.01	667	11352.3	667	4004.35	667	5634.12	667	12275.1	667	3222.41	667	6229.94	667	4194.8	667	9656.83
668	5262.78	668	4181.01	668	11352.3	668	4004.35	668	5634.12	668	12275.1	668	3222.41	668	6229.94	668	4194.8	668	9656.83
669	5262.78	669	4181.01	669	11352.3	669	4004.35	669	5634.12	669	12275.1	669	3222.41	669	6229.94	669	4194.8	669	9656.83
670	5262.78	670	4181.01	670	11352.3	670	4004.35	670	5634.12	670	12275.1	670	3222.41	670	6229.94	670	4194.8	670	9656.83
671	5262.78	671	4181.01	671	11352.3	671	4004.35	671	5634.12	671	12275.1	671	3222.41	671	6229.94	671	4194.8	671	9656.83
672	5262.78	672	4181.01	672	11352.3	672	4004.35	672	5634.12	672	12275.1	672	3222.41	672	6229.94	672	4194.8	672	9656.83
673	5262.78	673	4181.01	673	11352.3	673	4004.35	673	5634.12	673	12275.1	673	3222.41	673	6229.94	673	4194.8	673	9656.83
674	5262.78	674	4181.01	674	11352.3	674	4004.35	674	5634.12	674	12275.1	674	3222.41	674	6229.94	674	4194.8	674	9656.83
675	5262.78	675	4181.01	675	11352.3	675	4004.35	675	5634.12	675	12275.1	675	3222.41	675	6229.94	675	4194.8	675	9656.83
676	5262.78	676	4098.18	676	11280.3	676	4004.35	676	5634.12	676	12335.2	676	3222.41	676	6229.94	676	4194.8	676	9676.65
677	5262.78			677	4004.35	677	5634.12		677	3222.41	677	6229.94	677	4194.8	
678	5262.78			678	4004.35	678	5634.12		678	3222.41	678	6229.94	678	4194.8	
679	5262.78			679	4004.35	679	5634.12		679	3222.41	679	6229.94	679	4194.8	
680	5262.78			680	4004.35	680	5634.12		680	3222.41	680	6229.94	680	4194.8	
681	5262.78			681	4004.35	681	5634.12		681	3222.41	681	6229.94	681	4194.8	
682	5262.78			682	4004.35	682	5634.12		682	3222.41	682	6229.94	682	4194.8	
683	5262.78			683	4004.35	683	5634.12		683	3222.41	683	6229.94	683	4194.8	
684	5262.78			684	4004.35	684	5634.12		684	3222.41	684	6229.94	684	4194.8	
685	5262.78			685	4004.35	685	5634.12		685	3222.41	685	6229.94	685	4194.8	
686	5262.78			686	4004.35	686	5634.12		686	3222.41	686	6229.94	686	4194.8	
687	5262.78			687	4004.35	687	5634.12		687	3222.41	687	6229.94	687	4194.8	
688	5262.78			688	4004.35	688	5634.12		688	3222.41	688	6229.94	688	4194.8	
689	5262.78			689	4004.35	689	5634.12		689	3222.41	689	6229.94	689	4194.8	
690	5262.78			690	4004.35	690	5634.12		690	3222.41	690	6229.94	690	4194.8	
691	5262.78			691	4004.35	691	5634.12		691	3222.41	691	6229.94	691	4194.8	
692	5262.78			692	4004.35	692	5634.12		692	3222.41	692	6229.94	692	4194.8	
693	5262.78			693	4004.35	693	5634.12		693	3222.41	693	6229.94	693	4194.8	
694	5262.78			694	4004.35	694	5634.12		694	3222.41	694	6229.94	694	4194.8	
695	5262.78			695	4004.35	695	5634.12		695	3222.41	695	6229.94	695	4194.8	
696	5262.78			696	4004.35	696	5634.12		696	3222.41	696	6229.94	696	4194.8	
697	5262.78			697	4004.35	697	5634.12		697	3222.41	697	6229.94	697	4194.8	
698	5262.78			698	4004.35	698	5634.12		698	3222.41	698	6229.94	698	4194.8	
699	5262.78			699	4004.35	699	5634.12		699	3222.41	699	6229.94	699	4194.8	
700	5262.78			700	4004.35	700	5634.12		700	3222.41	700	6229.94	700	4194.8	
701	5262.78			701	4004.35	701	5634.12		701	3222.41	701	6229.94	701	4194.8	
702	5262.78			702	4004.35	702	5634.12		702	3222.41	702	6229.94	702	4194.8	
703	5262.78			703	4004.35	703	5634.12		703	3222.41	703	6229.94	703	4194.8	
704	5262.78			704	4004.35	704	5634.12		704	3222.41	704	6229.94	704	4194.8	
705	5262.78			705	4004.35	705	5634.12		705	3222.41	705	6229.94	705	4194.8	
706	5262.78			706	4004.35	706	5634.12		706	3222.41	706	6229.94	706	4194.8	
707	5262.78			707	4004.35	707	5634.12		707	3222.41	707	6229.94	707	4194.8	
708	5262.78			708	4004.35	708	5634.12		708	3222.41	708	6229.94	708	4194.8	
709	5262.78			709	4004.35	709	5634.12		709	3222.41	709	6229.94	709	4194.8	
710	5262.78			710	4004.35	710	5634.12		710	3222.41	710	6229.94	710	4194.8	
711	5262.78			711	4004.35	711	5634.12		711	3222.41	711	6229.94	711	4194.8	
712	5262.78			712	4004.35	712	5634.12		712	3222.41	712	6229.94	712	4194.8	
713	5262.78			713	4004.35	713	5634.12		713	3222.41	713	6229.94	713	4194.8	
714	5262.78			714	4004.35	714	5634.12		714	3222.41	714	6229.94	714	4194.8	
715	5262.78			715	4004.35	715	5634.12		715	3222.41	715	6229.94	715	4194.8	
716	5262.78			716	4004.35	716	5634.12		716	3222.41	716	6229.94	716	4194.8	
717	5262.78			717	4004.35	717	5634.12		717	3222.41	717	6229.94	717	4194.8	
718	5262.78			718	4004.35	718	5634.12		718	3222.41	718	6229.94	718	4194.8	
719	5262.78			719	4004.35	719	5634.12		719	3222.41	719	6229.94	719	4194.8	
720	5262.78			720	4004.35	720	5634.12		720	3222.41	720	6229.94	720	4194.8	
721	5262.78			721	4004.35	721	5634.12		721	3222.41	721	6229.94	721	4194.8	
722	5262.78			722	4004.35	722	5634.12		722	3222.41	722	6229.94	722	4194.8	
723	5262.78			723	4004.35	723	5634.12		723	3222.41	723	6229.94	723	4194.8	
724	5262.78			724	4004.35	724	5634.12		724	3222.41	724	6229.94	724	4194.8	
725	5262.78			725	4004.35	725	5634.12		725	3222.41	725	6229.94	725	4194.8	
726	5262.78			726	4004.35	726	5634.12		726	3222.41	726	6229.94	726	4194.8	
727	5262.78			727	4004.35	727	5634.12		727	3222.41	727	6229.94	727	4194.8	
728	5262.78			728	4004.35	728	5634.12		728	3222.41	728	6229.94	728	4194.8	
729	5262.78			729	4004.35	729	5634.12		729	3222.41	729	6229.94	729	4194.8	
730	5262.78			730	4004.35	730	5634.12		730	3222.41	730	6229.94	730	4194.8	
731	5262.78			731	4004.35	731	5634.12		731	3222.41	731	6229.94	731	4194.8	
732	5262.78			732	4004.35	732	5634.12		732	3222.41	732	6229.94	732	4194.8	
733	5262.78			733	4004.35	733	5634.12		733	3222.41	733	6229.94	733	4194.8	
734	5262.78			734	4004.35	734	5634.12		734	3222.41	734	6229.94	734	4194.8	
735	5262.78			735	4004.35	735	5634.12		735	3222.41	735	6229.94	735	4194.8	
736	5262.78			736	4004.35	736	5634.12		736	3222.41	736	6229.94	736	4194.8	
737	5262.78			737	4004.35	737	5634.12		737	3222.41	737	6229.94	737	4194.8	
738	5262.78			738	4004.35	738	5634.12		738	3222.41	738	6229.94	738	4194.8	
739	5262.78			739	4004.35	739	5634.12		739	3222.41	739	6229.94	739	4194.8	
740	5262.78			740	4004.35	740	5634.12		740	3222.41	740	6229.94	740	4194.8	
741	5262.78			741	4004.35	741	5634.12		741	3222.41	741	6229.94	741	4194.8	
742	5262.78			742	4004.35	742	5634.12		742	3222.41	742	6229.94	742	4194.8	
743	5262.78			743	4004.35	743	5634.12		743	3222.41	743	6229.94	743	4194.8	
744	5262.78			744	4004.35	744	5634.12		744	3222.41	744	6229.94	744	4194.8	
745	5262.78			745	4004.35	745	5634.12		745	3222.41	745	6229.94	745	4194.8	
746	5262.78			746	4004.35	746	5634.12		746	3222.41	746	6229.94	746	4194.8	
747	5262.78			747	4004.35	747	5634.12		747	3222.41	747	6229.94	747	4194.8	
748	5262.78			748	4004.35	748	5634.12		748	3222.41	748	6229.94	748	4194.8	
749	5262.78			749	4004.35	749	5634.12		749	3222.41	749	6229.94	749	4194.8	
750	5262.78			750	4004.35	750	5634.12		750	3222.41	750	6229.94	750	4194.8	
751	5262.78			751	4004.35	751	5634.12		751	3222.41	751	6229.94	751	4194.8	
752	5262.78			752	4004.35	752	5634.12		752	3222.41	752	6229.94	752	4194.8	
753	5262.78			753	4004.35	753	5634.12		753	3222.41	753	6229.94	753	4194.8	
754	5262.78			754	4004.35	754	5634.12		754	3222.41	754	6229.94	754	4194.8	
755	5220.73			755	4107.41	755	5581.65		755	3312.46	755	5882.03	755	4140.98	
