Sample d2 values. Average (d2obs-d2prd)^2 = 1.3404e-07
rec.rate_c	observed_d2	adjusted_d2
0.041097	0.045211	0.0448676
0.028965	0.048832	0.0488872
0.022407	0.052214	0.0524227
0.018283	0.055184	0.0556931
0.015446	0.05851	0.0587711
0.013373	0.0619	0.0616863
0.011792	0.06478	0.0644519
0.010546	0.067175	0.0670776
0.009538	0.069703	0.069573
0.008706	0.072311	0.0719444
0.008009	0.074132	0.0741945
0.007414	0.076527	0.076341
0.006902	0.078168	0.0783826
0.006456	0.080254	0.08033
0.006065	0.081933	0.0821846
0.005718	0.083884	0.0839605
0.005408	0.085324	0.0856628
0.00513	0.087681	0.0872924
0.00488	0.08862	0.0888498
0.004653	0.090691	0.0903466
0.004446	0.092634	0.0917864
0.004256	0.09306	0.0931763
0.004083	0.094877	0.0945035
0.003923	0.095627	0.0957875
0.003775	0.096551	0.097027
0.003637	0.098216	0.0982309
0.00345049	0.0997051	0.0999379
0.00322781	0.101688	0.102108
0.00303212	0.103632	0.104147
0.00285852	0.105577	0.106073
0.00263653	0.10898	0.108715
0.00238443	0.112566	0.111999
0.00217657	0.11576	0.114975
0.00200204	0.117234	0.117697
0.0017917	0.1213	0.121304
0.00156658	0.125209	0.125654
0.00132568	0.131644	0.131058
0.00109241	0.137101	0.137347
