Ne averages over 40 independent estimates.
Generation	Geometric_mean
1	121.645
2	121.645
3	121.645
4	121.645
5	928.943
6	975.052
7	975.052
8	1026.38
9	1042.09
10	1039.73
11	1038.96
12	1040.42
13	1075.03
14	1071.75
15	1073.21
16	1064.87
17	1063.38
18	1092.78
19	1109.31
20	1104.45
21	1099.03
22	1072.45
23	1055.98
24	1052.94
25	1061.52
26	1066.55
27	1075.95
28	1073.44
29	1081.44
30	1089.57
31	1101.08
32	1115.65
33	1125.7
34	1142.1
35	1139.95
36	1128.02
37	1128.35
38	1137.71
39	1137.09
40	1124.81
41	1122.67
42	1110.4
43	1106.52
44	1114.19
45	1129.7
46	1142.09
47	1115.71
48	1106.89
49	1111.97
50	1109.2
51	1131.4
52	1150.54
53	1131.98
54	1113.85
55	1100.65
56	1080.66
57	1080.9
58	1090.51
59	1096.37
60	1092.7
61	1103.82
62	1108.82
63	1122.79
64	1119.1
65	1122.36
66	1132.44
67	1132.94
68	1144.87
69	1139.19
70	1129.72
71	1118.88
72	1109.9
73	1109.76
74	1105.59
75	1096.18
76	1092.17
77	1089.77
78	1102.28
79	1089.1
80	1087.1
81	1103.66
82	1158.38
83	1196.67
84	1206.97
85	1199.25
86	1196.17
87	1188.92
88	1181.85
89	1172.19
90	1171.25
91	1155.06
92	1149.31
93	1143.41
94	1142.18
95	1125.67
96	1122.01
97	1110.92
98	1106.88
99	1092.28
100	1107.75
101	1112.12
102	1110.87
103	1132.7
104	1131.23
105	1127.91
106	1119.88
107	1110.41
108	1091.1
109	1078.12
110	1067.93
111	1064.8
112	1051.24
113	1037.48
114	1021.88
115	1013.66
116	1026.01
117	1040.25
118	1058.32
119	1075.43
120	1080.85
121	1078.33
122	1079.78
123	1069.3
124	1072.71
125	1066.64
126	1083.17
127	1108.81
128	1126.44
129	1133.38
130	1161.3
131	1218.43
132	1224.26
133	1212.85
134	1209.01
135	1199.38
136	1215.27
137	1235.45
138	1246.99
139	1250.66
140	1255.11
141	1256.32
142	1250.21
143	1214.81
144	1177.95
145	1162.39
146	1122.71
147	1119.31
148	1150.59
149	1189.68
150	1209.67
151	1210.94
152	1214.38
153	1211
154	1219.65
155	1232.93
156	1244.1
157	1252.67
158	1272.56
159	1292.04
160	1302.57
161	1336.3
162	1355.22
163	1360.96
164	1371.28
165	1373.96
166	1369.54
167	1357.42
168	1361.63
169	1370.45
170	1375.75
171	1395.03
172	1406.34
173	1415.23
174	1438.27
175	1448.43
176	1479.3
177	1481.12
178	1493.4
179	1472.89
180	1424.43
181	1356.7
182	1279.84
183	1304.36
184	1334.39
185	1370.79
186	1405.35
187	1453.06
188	1492.52
189	1743.83
190	2088.09
191	2570.87
192	3060.99
193	3627.12
194	4247.7
195	5321.88
196	7187.81
197	8476.61
198	9007.42
199	9435.58
200	9715.44
201	9670.53
202	9568.77
203	9500.36
204	9504.09
205	9535.57
206	9559.39
207	9628.79
208	9683.03
209	9680.9
210	9729.97
211	9721.18
212	9605.39
213	9652.48
214	9612.69
215	8934.48
216	8998.85
217	9069.62
218	9004.81
219	8998.41
220	8976.58
221	8959.08
222	9010.34
223	8994.52
224	9031.91
225	9104.81
226	9139.07
227	9090.24
228	9035.48
229	8965.76
230	8855.24
231	8849.23
232	8777.72
233	8733.74
234	8659.72
235	8594.99
236	8494.05
237	8486.44
238	8488.58
239	8531.35
240	8534.81
241	8547.06
242	8539.87
243	8535.53
244	8521.39
245	8517.71
246	8519.34
247	8521.33
248	8524.8
249	8531.27
250	8538.23
251	8538.23
252	8535.85
253	8574.66
254	8667.07
255	8695.53
256	8693.11
257	8689.97
258	8691.2
259	8661.62
260	8654.94
261	8614.7
262	8570.21
263	8586.28
264	8606.18
265	8602.56
266	8616.34
267	8640.11
268	8656.58
269	8656.58
270	8656.58
271	8664.29
272	8667.77
273	8661.78
274	8638.37
275	8619.84
276	8606.38
277	8584.83
278	8591.86
279	8592.68
280	8604.35
281	8534.1
282	8488.45
283	8412.49
284	8332.28
285	8020.65
286	8025.85
287	7952.36
288	7949.47
289	7884.3
290	7813.04
291	7753.53
292	7679.59
293	7342.75
294	7204.9
295	7142.22
296	6940.5
297	6630.02
298	6580.16
299	6461.01
300	6280.53
301	6225.55
302	6165.74
303	6046.55
304	5988.55
305	5990.29
306	6002.06
307	6000.01
308	6000.54
309	5999.73
310	5993.32
311	5986.39
312	5976.12
313	5971.53
314	5964.13
315	5959.12
316	5958.63
317	5955.31
318	5953.76
319	5954.33
320	5951.43
321	5945.75
322	5941.89
323	5942.6
324	5944.69
325	5948.96
326	5948.96
327	5953.94
328	5958.02
329	5958.96
330	5960.3
331	5950.35
332	5921.16
333	5916.67
334	5907.62
335	5904.78
336	5890.3
337	5881.02
338	5878.68
339	5887.2
340	5825.74
341	5769.82
342	5753.84
343	5703.47
344	5678.55
345	5683.35
346	5694.88
347	5681.05
348	5689.19
349	5689.85
350	5689.87
351	5691.01
352	5691.01
353	5691.06
354	5691.85
355	5690.18
356	5689.49
357	5686.44
358	5680.61
359	5676.35
360	5681.19
361	5686.42
362	5686.42
363	5686.42
364	5684.02
365	5681.22
366	5679.13
367	5670.91
368	5667.62
369	5666.84
370	5656.92
371	5652.29
372	5647.96
373	5651.02
374	5648.59
375	5629.28
376	5618.14
377	5604.83
378	5592.5
379	5574.89
380	5564.98
381	5532.03
382	5515.62
383	5505.96
384	5497.09
385	5472.57
386	5443.62
387	5412.02
388	5393.57
389	5370.94
390	5343.38
391	5307.93
392	5284
393	5267.69
394	5246.46
395	5240.57
396	5226.91
397	5239.4
398	5253.94
399	5266.1
400	5282.72
401	5285.02
402	5311.79
403	5313.53
404	5309.77
405	5305.79
406	5308.27
407	5299.47
408	5288.6
409	5278.51
410	5266.52
411	5262.99
412	5249.57
413	5240.59
414	5240.59
415	5221.3
416	5214
417	5190.31
418	5188.43
419	5188.29
420	5154.9
421	5143.73
422	5143.69
423	5136.51
424	5124.31
425	5119.88
426	5119.62
427	5119.62
428	5119.74
429	5119.74
430	5119.74
431	5110.3
432	5095.87
433	5050.34
434	5046.36
435	5017.68
436	4991.88
437	4984.1
438	4957.64
439	4932.82
440	4927.26
441	4927.02
442	4920.64
443	4898.84
444	4890.82
445	4874.3
446	4874.3
447	4856.91
448	4856.91
449	4856.91
450	4853.58
451	4853.5
452	4847.16
453	4839.89
454	4828.47
455	4830.64
456	4830.35
457	4828.32
458	4826.63
459	4828.56
460	4817.87
461	4811.08
462	4801.82
463	4800.57
464	4800.79
465	4800.79
466	4801
467	4798.63
468	4802.88
469	4807.25
470	4803.08
471	4803.57
472	4800.51
473	4788.23
474	4777.24
475	4758.77
476	4748.67
477	4745.29
478	4735.33
479	4729.24
480	4729.24
481	4725.96
482	4720.74
483	4715.62
484	4711.75
485	4711.75
486	4711.75
487	4711.75
488	4711.75
489	4711.75
490	4711.75
491	4711.75
492	4711.75
493	4711.75
494	4711.75
495	4655.78
496	4545.82
497	4491.81
498	4385.73
499	4385.73
500	4231.27
501	4181.01
502	4181.01
503	4181.01
504	4181.01
505	4181.01
506	4181.01
507	4181.01
508	4181.01
509	4181.01
510	4181.01
511	4181.01
512	4181.01
513	4181.01
514	4181.01
515	4181.01
516	4181.01
517	4181.01
518	4181.01
519	4181.01
520	4181.01
521	4181.01
522	4181.01
523	4181.01
524	4181.01
525	4181.01
526	4181.01
527	4181.01
528	4181.01
529	4181.01
530	4181.01
531	4181.01
532	4181.01
533	4181.01
534	4181.01
535	4181.01
536	4181.01
537	4181.01
538	4181.01
539	4181.01
540	4181.01
541	4181.01
542	4181.01
543	4181.01
544	4181.01
545	4181.01
546	4181.01
547	4181.01
548	4181.01
549	4181.01
550	4181.01
551	4181.01
552	4181.01
553	4181.01
554	4181.01
555	4181.01
556	4181.01
557	4181.01
558	4181.01
559	4181.01
560	4181.01
561	4181.01
562	4181.01
563	4181.01
564	4181.01
565	4181.01
566	4181.01
567	4181.01
568	4181.01
569	4181.01
570	4181.01
571	4181.01
572	4181.01
573	4181.01
574	4181.01
575	4181.01
576	4181.01
577	4181.01
578	4181.01
579	4181.01
580	4181.01
581	4181.01
582	4181.01
583	4181.01
584	4181.01
585	4181.01
586	4181.01
587	4181.01
588	4181.01
589	4181.01
590	4181.01
591	4181.01
592	4181.01
593	4181.01
594	4181.01
595	4181.01
596	4181.01
597	4181.01
598	4181.01
599	4181.01
600	4181.01
601	4181.01
602	4181.01
603	4181.01
604	4181.01
605	4181.01
606	4181.01
607	4181.01
608	4181.01
609	4181.01
610	4181.01
611	4181.01
612	4181.01
613	4181.01
614	4181.01
615	4181.01
616	4181.01
617	4181.01
618	4181.01
619	4181.01
620	4181.01
621	4181.01
622	4181.01
623	4181.01
624	4181.01
625	4181.01
626	4181.01
627	4181.01
628	4181.01
629	4181.01
630	4181.01
631	4181.01
632	4181.01
633	4181.01
634	4181.01
635	4181.01
636	4181.01
637	4181.01
638	4181.01
639	4181.01
640	4181.01
641	4181.01
642	4181.01
643	4181.01
644	4181.01
645	4181.01
646	4181.01
647	4181.01
648	4181.01
649	4181.01
650	4181.01
651	4181.01
652	4181.01
653	4181.01
654	4181.01
655	4181.01
656	4181.01
657	4181.01
658	4181.01
659	4181.01
660	4181.01
661	4181.01
662	4181.01
663	4181.01
664	4181.01
665	4181.01
666	4181.01
667	4181.01
668	4181.01
669	4181.01
670	4181.01
671	4181.01
672	4181.01
673	4181.01
674	4181.01
675	4181.01
676	4098.18
