Sample d2 values. Average (d2obs-d2prd)^2 = 6.10759e-08
rec.rate_c	observed_d2	adjusted_d2
0.041105	0.048826	0.0487694
0.028967	0.052839	0.0526297
0.022407	0.055876	0.0560611
0.018283	0.058892	0.0592843
0.015446	0.062266	0.0623698
0.013373	0.065373	0.0653411
0.011792	0.06852	0.068203
0.010545	0.071188	0.0709591
0.009538	0.073427	0.0736032
0.008706	0.076271	0.0761414
0.008009	0.078766	0.0785671
0.007414	0.080881	0.080894
0.006902	0.083175	0.0831158
0.006456	0.08538	0.0852405
0.006064	0.086904	0.0872721
0.005718	0.088986	0.0892077
0.005408	0.090907	0.0910671
0.00513	0.092882	0.0928451
0.00488	0.09452	0.094541
0.004653	0.096252	0.096167
0.00435363	0.0981653	0.0984479
0.00400458	0.10171	0.101324
0.00370676	0.104225	0.103984
0.00334304	0.107751	0.107526
0.00294786	0.111522	0.1118
0.0026363	0.114877	0.115539
0.00238459	0.119011	0.118843
0.00209289	0.12351	0.123053
0.00168655	0.129686	0.129794
0.00122035	0.139456	0.139458
