Ne averages over 40 independent estimates.
Generation	Geometric_mean
1	124.748
2	124.748
3	124.748
4	124.748
5	680.819
6	720.766
7	795.477
8	795.477
9	943.168
10	937.827
11	924.084
12	925.15
13	963.123
14	994.65
15	1016.74
16	1025.08
17	1058.69
18	1080.25
19	1094.69
20	1098.65
21	1097.52
22	1089.17
23	1095.55
24	1095.83
25	1097.01
26	1103.19
27	1121.6
28	1132.64
29	1148.55
30	1162.04
31	1152.75
32	1133.96
33	1139.04
34	1112.76
35	1092.76
36	1101.29
37	1110.49
38	1114.22
39	1128.7
40	1136.94
41	1144.26
42	1156.67
43	1161
44	1146.58
45	1132.62
46	1115.48
47	1125.95
48	1125.5
49	1121.79
50	1131.31
51	1126.33
52	1125.33
53	1112.22
54	1100.33
55	1103.18
56	1107.21
57	1112.03
58	1107.62
59	1083.76
60	1053.35
61	1031.7
62	1024.33
63	1036.07
64	1051.98
65	1045.17
66	1045.55
67	1035.22
68	1033.58
69	1054.03
70	1077.35
71	1095.59
72	1139.68
73	1144.15
74	1130.56
75	1123.73
76	1114.07
77	1100.7
78	1093.51
79	1074.33
80	1047.72
81	1028.74
82	1008.04
83	978.907
84	957.464
85	940.55
86	934.04
87	944.252
88	933.344
89	934.558
90	933.766
91	936.413
92	944.829
93	945.903
94	948.842
95	955.112
96	960.498
97	953.877
98	954.053
99	939.329
100	939.79
101	941.808
102	942.691
103	938.222
104	936.56
105	953.899
106	962.319
107	948.099
108	948.747
109	945.655
110	943.008
111	933.247
112	936.055
113	943.301
114	942.762
115	950.639
116	964.415
117	969.305
118	972.601
119	989.168
120	1015.1
121	1025.34
122	1037.95
123	1045.4
124	1045.55
125	1034.18
126	1026.75
127	1020.64
128	1015.62
129	1011.58
130	1012.75
131	1009.24
132	1003.25
133	999.762
134	1001.87
135	1016.41
136	1029.65
137	1036.62
138	1044.16
139	1044.83
140	1042.73
141	1065.84
142	1103.82
143	1156.38
144	1179.28
145	1191.22
146	1202.93
147	1207.3
148	1220.25
149	1229.02
150	1252.5
151	1256.74
152	1251.05
153	1296.76
154	1342.09
155	1452.81
156	1525.59
157	1637.85
158	1895.16
159	2293.84
160	2936.13
161	3741.09
162	4570.87
163	5438.1
164	6159.44
165	7006.18
166	8525.21
167	9796.65
168	10323
169	11011.7
170	11133.8
171	11730.7
172	12210
173	12205.3
174	12052.7
175	12029.5
176	12161.8
177	12082.2
178	12093.3
179	12043.1
180	11994.1
181	11979.2
182	11929.6
183	11892
184	11889.2
185	11893.4
186	11938.6
187	11930.3
188	11921.2
189	11855.8
190	11854.8
191	11980.8
192	12012.3
193	12103.9
194	12302.5
195	12373
196	12470.9
197	12804.8
198	12974.4
199	13277.2
200	13402.7
201	13586.4
202	13689
203	13688.2
204	13677.6
205	13706.7
206	13682.1
207	13594.5
208	13536.5
209	13526.5
210	13548
211	13598.5
212	13596.8
213	13581.9
214	13620.4
215	13690.9
216	13763.3
217	13769.4
218	13733.5
219	13713.6
220	13687.2
221	13690.9
222	13665.5
223	13676.2
224	13666.4
225	13673.7
226	13733
227	13735.2
228	13754.6
229	13797.7
230	13836.5
231	13859.2
232	13829.6
233	13751.5
234	13782.8
235	13822.1
236	13841.4
237	13861.6
238	13904.8
239	13936.2
240	13968.6
241	14022.7
242	14029.9
243	14084.4
244	14106.3
245	14102
246	14099.9
247	14084.1
248	14080.1
249	14068.3
250	14066.5
251	14051.2
252	14062.8
253	14108.3
254	14137.5
255	14141.7
256	14151.8
257	14180.3
258	14188.2
259	14191.8
260	14187.7
261	14182.4
262	14158.7
263	14144.7
264	14134.6
265	14141.6
266	14147.1
267	14151
268	14130.6
269	14119.3
270	14137
271	14166.8
272	14179.3
273	14072.4
274	13594.9
275	13475.4
276	13013.7
277	13025.7
278	13044
279	13035.8
280	13048.8
281	13050.1
282	13103.3
283	13121.8
284	13108.2
285	13054.6
286	13067.2
287	13029.7
288	13034.5
289	13001.4
290	12978
291	12980.3
292	12980.7
293	13032.9
294	13103.1
295	13214.5
296	13239.9
297	13352.4
298	13405.5
299	13488.9
300	13462.7
301	13513.2
302	13472.4
303	13422.4
304	13431.4
305	12998.9
306	12890.5
307	12585.3
308	12481.4
309	12495.5
310	12498.9
311	12416.1
312	12439.8
313	12323
314	12226.6
315	12005.1
316	11488.9
317	11395.1
318	11422.1
319	11442.3
320	11432.7
321	11397.9
322	11349.8
323	11314.8
324	11305.3
325	11305.3
326	11290.1
327	11246.1
328	11204.5
329	11200.1
330	11202.2
331	11202.2
332	11199.1
333	11202.6
334	11197
335	11187.9
336	11176.1
337	11178.9
338	11146.4
339	11144.2
340	11117.2
341	11128.6
342	11138.4
343	11145.2
344	11149.8
345	11143.6
346	11138.6
347	11127.6
348	11103.6
349	11098.9
350	11096.6
351	11086.8
352	11082
353	11079.4
354	11066.9
355	11052.8
356	11030
357	11022.1
358	10993.5
359	10911.7
360	10895.2
361	10895.6
362	10864.7
363	10823.1
364	10766.6
365	10725.4
366	10682.2
367	10614.4
368	10592.1
369	10592.4
370	10589.2
371	10583.7
372	10583
373	10580.2
374	10581.8
375	10581.8
376	10578.6
377	10578.6
378	10583.9
379	10585.5
380	10590.7
381	10585.4
382	10585
383	10584.5
384	10584.5
385	10591.7
386	10592.6
387	10601.9
388	10621.2
389	10608.3
390	10611.5
391	10623.1
392	10623.2
393	10629.1
394	10629.1
395	10632.2
396	10651.4
397	10638.9
398	10613.8
399	10607.2
400	10599.3
401	10582.1
402	10565.7
403	10515.7
404	10500.6
405	10449.4
406	10397.7
407	10360.7
408	10352
409	10325.1
410	10285.1
411	10247.6
412	10232.6
413	10225
414	10107.1
415	10047.1
416	9921.16
417	9845.42
418	9745.1
419	9544.69
420	9495.83
421	9435.88
422	9392.96
423	9393.81
424	9393.93
425	9203.17
426	9210.04
427	8911.54
428	8912.17
429	8718.79
430	8435.93
431	8415.48
432	8412.34
433	8396.64
434	8364.75
435	8349.86
436	8322.87
437	8322.21
438	8295.28
439	8286.99
440	8291.65
441	8295.49
442	8297.99
443	8294.03
444	8230.21
445	8162.23
446	8123.51
447	8078.91
448	8076.47
449	8059.86
450	8059.86
451	8050.2
452	8038.63
453	8019.06
454	8001.56
455	7988.89
456	7939.72
457	7913.37
458	7872.75
459	7819.65
460	7753.41
461	7694.5
462	7693.45
463	7694.28
464	7651.5
465	7651.27
466	7647.49
467	7624.5
468	7593.34
469	7584.22
470	7554.42
471	7519.75
472	7485.41
473	7444.45
474	7409.03
475	7397.99
476	7378.36
477	7362.68
478	7348.24
479	7348.24
480	7333.99
481	7329.54
482	7315.01
483	7288.57
484	7224.34
485	7189.67
486	7171.83
487	7141.03
488	7110.13
489	7092.48
490	7092.48
491	7092.48
492	7092.48
493	7092.48
494	7092.48
495	7092.48
496	7092.48
497	7092.48
498	7092.48
499	7092.48
500	7092.48
501	7092.48
502	7092.48
503	7092.48
504	7092.48
505	7092.48
506	7092.48
507	7092.48
508	7092.48
509	7092.48
510	7092.48
511	7092.48
512	7092.48
513	7092.48
514	7092.48
515	7092.48
516	7092.48
517	7092.48
518	7092.48
519	7092.48
520	7092.48
521	7092.48
522	7092.48
523	7092.48
524	7092.48
525	7092.48
526	7092.48
527	7092.48
528	7092.48
529	7092.48
530	7092.48
531	7092.48
532	7092.48
533	7092.48
534	7092.48
535	7092.48
536	7092.48
537	7092.48
538	7092.48
539	7092.48
540	7092.48
541	7092.48
542	7092.48
543	7092.48
544	7092.48
545	7092.48
546	7092.48
547	7092.48
548	7092.48
549	7092.48
550	7092.48
551	7092.48
552	7092.48
553	7092.48
554	6821.88
555	6821.88
556	6477.06
557	6477.06
558	6229.94
559	6229.94
560	6229.94
561	6229.94
562	6229.94
563	6229.94
564	6229.94
565	6229.94
566	6229.94
567	6229.94
568	6229.94
569	6229.94
570	6229.94
571	6229.94
572	6229.94
573	6229.94
574	6229.94
575	6229.94
576	6229.94
577	6229.94
578	6229.94
579	6229.94
580	6229.94
581	6229.94
582	6229.94
583	6229.94
584	6229.94
585	6229.94
586	6229.94
587	6229.94
588	6229.94
589	6229.94
590	6229.94
591	6229.94
592	6229.94
593	6229.94
594	6229.94
595	6229.94
596	6229.94
597	6229.94
598	6229.94
599	6229.94
600	6229.94
601	6229.94
602	6229.94
603	6229.94
604	6229.94
605	6229.94
606	6229.94
607	6229.94
608	6229.94
609	6229.94
610	6229.94
611	6229.94
612	6229.94
613	6229.94
614	6229.94
615	6229.94
616	6229.94
617	6229.94
618	6229.94
619	6229.94
620	6229.94
621	6229.94
622	6229.94
623	6229.94
624	6229.94
625	6229.94
626	6229.94
627	6229.94
628	6229.94
629	6229.94
630	6229.94
631	6229.94
632	6229.94
633	6229.94
634	6229.94
635	6229.94
636	6229.94
637	6229.94
638	6229.94
639	6229.94
640	6229.94
641	6229.94
642	6229.94
643	6229.94
644	6229.94
645	6229.94
646	6229.94
647	6229.94
648	6229.94
649	6229.94
650	6229.94
651	6229.94
652	6229.94
653	6229.94
654	6229.94
655	6229.94
656	6229.94
657	6229.94
658	6229.94
659	6229.94
660	6229.94
661	6229.94
662	6229.94
663	6229.94
664	6229.94
665	6229.94
666	6229.94
667	6229.94
668	6229.94
669	6229.94
670	6229.94
671	6229.94
672	6229.94
673	6229.94
674	6229.94
675	6229.94
676	6229.94
677	6229.94
678	6229.94
679	6229.94
680	6229.94
681	6229.94
682	6229.94
683	6229.94
684	6229.94
685	6229.94
686	6229.94
687	6229.94
688	6229.94
689	6229.94
690	6229.94
691	6229.94
692	6229.94
693	6229.94
694	6229.94
695	6229.94
696	6229.94
697	6229.94
698	6229.94
699	6229.94
700	6229.94
701	6229.94
702	6229.94
703	6229.94
704	6229.94
705	6229.94
706	6229.94
707	6229.94
708	6229.94
709	6229.94
710	6229.94
711	6229.94
712	6229.94
713	6229.94
714	6229.94
715	6229.94
716	6229.94
717	6229.94
718	6229.94
719	6229.94
720	6229.94
721	6229.94
722	6229.94
723	6229.94
724	6229.94
725	6229.94
726	6229.94
727	6229.94
728	6229.94
729	6229.94
730	6229.94
731	6229.94
732	6229.94
733	6229.94
734	6229.94
735	6229.94
736	6229.94
737	6229.94
738	6229.94
739	6229.94
740	6229.94
741	6229.94
742	6229.94
743	6229.94
744	6229.94
745	6229.94
746	6229.94
747	6229.94
748	6229.94
749	6229.94
750	6229.94
751	6229.94
752	6229.94
753	6229.94
754	6229.94
755	5882.03
