Sample d2 values. Average (d2obs-d2prd)^2 = 7.58251e-08
rec.rate_c	observed_d2	adjusted_d2
0.041099	0.044208	0.0443149
0.028967	0.047319	0.0474502
0.022407	0.050708	0.0504044
0.018283	0.053704	0.0533649
0.015446	0.056483	0.0563466
0.013373	0.058988	0.0593186
0.011792	0.061815	0.062243
0.010545	0.065067	0.0650935
0.009538	0.067814	0.0678441
0.008707	0.070433	0.0704856
0.008008	0.072987	0.0730183
0.007414	0.075159	0.0754307
0.006902	0.077743	0.0777298
0.006456	0.08012	0.0799195
0.006064	0.082441	0.0820043
0.005717	0.084362	0.0839881
0.005408	0.086127	0.0858744
0.00513	0.087881	0.0876765
0.00488	0.089031	0.0893892
0.004653	0.090666	0.0910259
0.00435348	0.0933495	0.0933144
0.004004	0.0966311	0.0961895
0.00370667	0.0985253	0.0988312
0.00334297	0.102149	0.102343
0.00294802	0.106054	0.106572
0.00263658	0.110421	0.110278
0.00238446	0.113707	0.113573
0.00209272	0.118238	0.117802
0.00168653	0.124411	0.124708
0.00122018	0.135139	0.135101
