Sample d2 values. Average (d2obs-d2prd)^2 = 1.97868e-07
rec.rate_c	observed_d2	adjusted_d2
0.0411	0.047651	0.0476931
0.028966	0.051584	0.0517862
0.022407	0.055473	0.0553747
0.018282	0.059141	0.0587153
0.015446	0.062091	0.0618878
0.013373	0.065067	0.0649204
0.011792	0.067726	0.0678167
0.010546	0.070499	0.070578
0.009538	0.073232	0.0732071
0.008707	0.075544	0.0757022
0.008009	0.077552	0.0780721
0.007414	0.080191	0.0803237
0.006902	0.082076	0.0824573
0.006456	0.083821	0.0844835
0.006064	0.086247	0.0864091
0.005717	0.088474	0.088239
0.005408	0.089717	0.089978
0.00513	0.091488	0.0916389
0.00488	0.093287	0.0932177
0.004653	0.094532	0.0947271
0.004446	0.097095	0.0961714
0.004257	0.097952	0.0975513
0.004083	0.099461	0.0988771
0.003923	0.100821	0.100147
0.003774	0.102566	0.101375
0.003637	0.10241	0.102547
0.00345113	0.10464	0.104207
0.00322787	0.10606	0.106317
0.00303275	0.107185	0.108277
0.00285858	0.109397	0.11013
0.00263667	0.112476	0.112653
0.00238444	0.115585	0.115778
0.00217672	0.118661	0.118601
0.00200198	0.121365	0.121191
0.00179178	0.124926	0.124631
0.00156652	0.12828	0.128828
0.00132554	0.133831	0.134146
0.00109253	0.141061	0.140536
