Ne averages over 40 independent estimates.
Generation	Geometric_mean
1	98.035
2	98.035
3	98.035
4	98.035
5	2534.67
6	2534.67
7	2534.67
8	2534.67
9	2535.54
10	2570.66
11	2585.43
12	2588.14
13	2625.77
14	2641.22
15	2639.92
16	2656.97
17	2636.32
18	2649.27
19	2671.81
20	2654.87
21	2656.61
22	2703.89
23	2748.79
24	2745.9
25	2687.5
26	2588.96
27	2532.41
28	2469.88
29	2418.63
30	2373.35
31	2326.07
32	2200.87
33	2134.95
34	2048.69
35	1995.5
36	1931.51
37	1764.46
38	1602.7
39	1540.96
40	1481.38
41	1430.36
42	1392.16
43	1334.98
44	1296.31
45	1232.48
46	1221.07
47	1207.77
48	1185.35
49	1146.31
50	1135.11
51	1107.71
52	1094.47
53	1062.27
54	1026.34
55	1013.86
56	980.715
57	961.091
58	928.193
59	819.585
60	797.559
61	805.603
62	799.846
63	793.822
64	795.012
65	787.361
66	777.946
67	778.41
68	771.601
69	776.007
70	773.329
71	768.573
72	776.695
73	777.388
74	776.644
75	779.498
76	775.042
77	784.366
78	791.428
79	796.872
80	814.074
81	817.194
82	812.793
83	823.176
84	827.193
85	828.879
86	832.36
87	841.051
88	847.878
89	844.162
90	852.903
91	847.763
92	850.945
93	854.288
94	854.605
95	868.8
96	881.874
97	888.458
98	900.748
99	901.664
100	895.968
101	895.162
102	901.392
103	922.156
104	993.499
105	1003.71
106	995.858
107	980.471
108	977.434
109	985.08
110	1009.01
111	1008.42
112	1019.24
113	1036.09
114	1020.48
115	1033.33
116	1045.3
117	1053.75
118	1077.16
119	1101.86
120	1102.73
121	1117.3
122	1124.08
123	1122.75
124	1125.42
125	1121.6
126	1117.14
127	1119.55
128	1107.11
129	1108.72
130	1114.9
131	1113.31
132	1119.85
133	1116.62
134	1116.95
135	1111
136	1125.78
137	1137.49
138	1157.04
139	1182.36
140	1202.42
141	1211.05
142	1228.49
143	1238.21
144	1246.1
145	1252.31
146	1237.67
147	1228.99
148	1224.53
149	1228.99
150	1246.78
151	1260.05
152	1269.68
153	1266.81
154	1253.35
155	1245.93
156	1247.49
157	1258.88
158	1280.39
159	1293.27
160	1306.12
161	1304.65
162	1296.11
163	1306.75
164	1316.3
165	1328
166	1343.04
167	1368.91
168	1407.82
169	1414.41
170	1434.09
171	1514.83
172	1638.39
173	1789.6
174	1968.63
175	2218.98
176	2443.71
177	2579.48
178	2851.15
179	2969.26
180	3246.42
181	3567.94
182	4273.48
183	5067.18
184	5797.4
185	6175.62
186	6299.43
187	6631.64
188	6923.08
189	7430.35
190	7912.31
191	8080.41
192	8128.95
193	8280.2
194	8623.73
195	8919.92
196	9090.77
197	9243.83
198	9349.2
199	9409.16
200	9504.73
201	9454.94
202	9439.87
203	9414.5
204	9377.45
205	9364.9
206	9418.75
207	9439.95
208	9526.93
209	9546.68
210	9575.84
211	9618.57
212	9573.49
213	9537.87
214	9454.11
215	9429.67
216	9419.32
217	9446.05
218	9365.76
219	9319.55
220	9308.16
221	9306.9
222	9294.29
223	9272.26
224	9272.6
225	9303.86
226	9357.9
227	9382.96
228	9493.41
229	9578.75
230	9598.92
231	9615.13
232	9608.98
233	9628.4
234	9640.3
235	9635.28
236	9683.58
237	9674.4
238	9756.29
239	9753.76
240	9789.44
241	9805.04
242	9823.31
243	9835.29
244	9825.79
245	9824.76
246	9785.45
247	9765.8
248	9762.23
249	9758.26
250	9743.25
251	9706.39
252	9664.22
253	9630.93
254	9626.02
255	9620.49
256	9600.32
257	9570.89
258	9521.47
259	9491.25
260	9480.12
261	9480.43
262	9456.98
263	9429.79
264	9372.11
265	9349.98
266	9338.76
267	9253.02
268	9172.72
269	9110.99
270	9101.38
271	9085.4
272	9078.55
273	9060.44
274	9052
275	9043.72
276	9025.77
277	9011
278	9013.28
279	9038.97
280	9046.21
281	9052.88
282	9059.54
283	9065.25
284	9071.55
285	9076.15
286	9080.48
287	9078.49
288	9077.11
289	9072.69
290	9050.13
291	9045.04
292	9035.64
293	9022.47
294	8987.6
295	8990.61
296	8959.99
297	8961.91
298	8960.66
299	8947.19
300	8939.86
301	8939.86
302	8939.17
303	8936.29
304	8934.74
305	8922.14
306	8924.45
307	8922.66
308	8920.58
309	8920.38
310	8920.84
311	8913.72
312	8900.96
313	8649.36
314	8490.18
315	8329.25
316	8157.15
317	8077.16
318	7911.45
319	7872.96
320	7854.49
321	7759.77
322	7657.6
323	7505.19
324	7433.49
325	7215.04
326	7215.04
327	7207.67
328	7212.73
329	7069.91
330	7002.71
331	6825.76
332	6458.76
333	6389.71
334	6101.55
335	5996.13
336	5989.48
337	5988.24
338	5991.23
339	5987.02
340	5983.78
341	6002.79
342	6022.52
343	6069.31
344	6057.93
345	6052.88
346	6052.23
347	6057.68
348	6058.89
349	6057.16
350	6052.18
351	6052.18
352	6052.15
353	6053.81
354	6063.71
355	6063.23
356	6075.34
357	6076.47
358	6080.83
359	6081.2
360	6077.4
361	6075.75
362	6077.7
363	6076.73
364	6078.21
365	6081.76
366	6084.31
367	6086.6
368	6086.6
369	6085.9
370	6083.85
371	6083.85
372	6083.47
373	6082.88
374	6080.82
375	6074.62
376	6063.61
377	6054.8
378	6055.29
379	6070.68
380	6080.92
381	6100.76
382	6105.24
383	6105.06
384	6104.24
385	6099.55
386	6096.03
387	6094.54
388	6089.03
389	6056.49
390	6025.27
391	5992.41
392	5923.71
393	5856.53
394	5823.31
395	5758.58
396	5758.25
397	5608.57
398	5608.35
399	5319.64
400	5113.24
401	5059.45
402	5063.53
403	5081.93
404	5087.27
405	5093.1
406	5095.04
407	5100.65
408	5107.65
409	5107.65
410	5107.65
411	5107.47
412	5107.47
413	5110.62
414	5111.12
415	5112.31
416	5111.31
417	5112.05
418	5111.47
419	5110.6
420	5110.8
421	5111.29
422	5119.71
423	5131.95
424	5143.08
425	5172.31
426	5180.59
427	5189.26
428	5199.02
429	5222.27
430	5225.41
431	5231.56
432	5234.57
433	5239.46
434	5245.84
435	5249.85
436	5248.04
437	5250
438	5255.05
439	5238.91
440	5239.77
441	5243.46
442	5247.75
443	5253.79
444	5254.98
445	5254.24
446	5255.37
447	5255.01
448	5258.36
449	5262.75
450	5262.02
451	5265.36
452	5266.12
453	5267.72
454	5265.95
455	5266.8
456	5266.8
457	5266.8
458	5264.74
459	5264.74
460	5259.86
461	5259.86
462	5259.86
463	5259.86
464	5259.86
465	5257.1
466	5266.39
467	5269.94
468	5273.83
469	5280.53
470	5279.23
471	5281.87
472	5277.15
473	5271.62
474	5260.91
475	5250.8
476	5247.54
477	5256.22
478	5245.89
479	5238.08
480	5235.26
481	5235.26
482	5235.26
483	5235.26
484	5235.26
485	5237.68
486	5247.65
487	5247.65
488	5258.46
489	5262.78
490	5262.78
491	5262.78
492	5262.78
493	5262.78
494	5262.78
495	5262.78
496	5262.78
497	5262.78
498	5262.78
499	5262.78
500	5262.78
501	5262.78
502	5262.78
503	5262.78
504	5262.78
505	5262.78
506	5262.78
507	5262.78
508	5262.78
509	5262.78
510	5262.78
511	5262.78
512	5262.78
513	5262.78
514	5262.78
515	5262.78
516	5262.78
517	5262.78
518	5262.78
519	5262.78
520	5262.78
521	5262.78
522	5262.78
523	5262.78
524	5262.78
525	5262.78
526	5262.78
527	5262.78
528	5262.78
529	5262.78
530	5262.78
531	5262.78
532	5262.78
533	5262.78
534	5262.78
535	5262.78
536	5262.78
537	5262.78
538	5262.78
539	5262.78
540	5262.78
541	5262.78
542	5262.78
543	5262.78
544	5262.78
545	5262.78
546	5262.78
547	5262.78
548	5262.78
549	5262.78
550	5262.78
551	5262.78
552	5262.78
553	5262.78
554	5262.78
555	5262.78
556	5262.78
557	5262.78
558	5262.78
559	5262.78
560	5262.78
561	5262.78
562	5262.78
563	5262.78
564	5262.78
565	5262.78
566	5262.78
567	5262.78
568	5262.78
569	5262.78
570	5262.78
571	5262.78
572	5262.78
573	5262.78
574	5262.78
575	5262.78
576	5262.78
577	5262.78
578	5262.78
579	5262.78
580	5262.78
581	5262.78
582	5262.78
583	5262.78
584	5262.78
585	5262.78
586	5262.78
587	5262.78
588	5262.78
589	5262.78
590	5262.78
591	5262.78
592	5262.78
593	5262.78
594	5262.78
595	5262.78
596	5262.78
597	5262.78
598	5262.78
599	5262.78
600	5262.78
601	5262.78
602	5262.78
603	5262.78
604	5262.78
605	5262.78
606	5262.78
607	5262.78
608	5262.78
609	5262.78
610	5262.78
611	5262.78
612	5262.78
613	5262.78
614	5262.78
615	5262.78
616	5262.78
617	5262.78
618	5262.78
619	5262.78
620	5262.78
621	5262.78
622	5262.78
623	5262.78
624	5262.78
625	5262.78
626	5262.78
627	5262.78
628	5262.78
629	5262.78
630	5262.78
631	5262.78
632	5262.78
633	5262.78
634	5262.78
635	5262.78
636	5262.78
637	5262.78
638	5262.78
639	5262.78
640	5262.78
641	5262.78
642	5262.78
643	5262.78
644	5262.78
645	5262.78
646	5262.78
647	5262.78
648	5262.78
649	5262.78
650	5262.78
651	5262.78
652	5262.78
653	5262.78
654	5262.78
655	5262.78
656	5262.78
657	5262.78
658	5262.78
659	5262.78
660	5262.78
661	5262.78
662	5262.78
663	5262.78
664	5262.78
665	5262.78
666	5262.78
667	5262.78
668	5262.78
669	5262.78
670	5262.78
671	5262.78
672	5262.78
673	5262.78
674	5262.78
675	5262.78
676	5262.78
677	5262.78
678	5262.78
679	5262.78
680	5262.78
681	5262.78
682	5262.78
683	5262.78
684	5262.78
685	5262.78
686	5262.78
687	5262.78
688	5262.78
689	5262.78
690	5262.78
691	5262.78
692	5262.78
693	5262.78
694	5262.78
695	5262.78
696	5262.78
697	5262.78
698	5262.78
699	5262.78
700	5262.78
701	5262.78
702	5262.78
703	5262.78
704	5262.78
705	5262.78
706	5262.78
707	5262.78
708	5262.78
709	5262.78
710	5262.78
711	5262.78
712	5262.78
713	5262.78
714	5262.78
715	5262.78
716	5262.78
717	5262.78
718	5262.78
719	5262.78
720	5262.78
721	5262.78
722	5262.78
723	5262.78
724	5262.78
725	5262.78
726	5262.78
727	5262.78
728	5262.78
729	5262.78
730	5262.78
731	5262.78
732	5262.78
733	5262.78
734	5262.78
735	5262.78
736	5262.78
737	5262.78
738	5262.78
739	5262.78
740	5262.78
741	5262.78
742	5262.78
743	5262.78
744	5262.78
745	5262.78
746	5262.78
747	5262.78
748	5262.78
749	5262.78
750	5262.78
751	5262.78
752	5262.78
753	5262.78
754	5262.78
755	5220.73
