Sample d2 values. Average (d2obs-d2prd)^2 = 1.78036e-07
rec.rate_c	observed_d2	adjusted_d2
0.0411	0.051016	0.0505707
0.028964	0.054369	0.055096
0.022408	0.058828	0.0590064
0.018282	0.063091	0.062591
0.015445	0.066074	0.0659523
0.013373	0.068984	0.069139
0.011792	0.072215	0.0721777
0.010546	0.075057	0.0750817
0.009538	0.077728	0.0778617
0.008707	0.080471	0.0805199
0.008008	0.08274	0.0830706
0.007414	0.085738	0.0855092
0.006902	0.088469	0.087846
0.006456	0.089804	0.0900865
0.006064	0.092408	0.0922354
0.005718	0.094704	0.0942897
0.005408	0.095774	0.0962704
0.00513	0.097461	0.0981713
0.00488	0.099551	0.0999913
0.004653	0.101547	0.101743
0.004446	0.104024	0.10343
0.004257	0.105165	0.10505
0.004083	0.106692	0.106615
0.003923	0.108264	0.108121
0.003774	0.109879	0.109583
0.003637	0.111124	0.110984
0.00345051	0.113608	0.112981
0.00322796	0.116224	0.115514
0.00303214	0.118058	0.117892
0.00285864	0.119129	0.120127
0.00263652	0.122471	0.123185
0.00238449	0.126726	0.126959
0.00217666	0.129977	0.130355
0.00200202	0.133108	0.13344
0.00179183	0.137879	0.137486
0.00156644	0.142558	0.142319
0.00132565	0.148794	0.148221
0.0010924	0.154648	0.154971
