Ne averages over 40 independent estimates.
Generation	Geometric_mean
1	107.206
2	107.206
3	107.206
4	107.206
5	1158.79
6	1158.79
7	1158.79
8	1158.79
9	1257.89
10	1281.24
11	1286.79
12	1285.65
13	1336.09
14	1341.41
15	1338.61
16	1340.47
17	1305.54
18	1298.55
19	1292.4
20	1289.32
21	1273.49
22	1252.18
23	1243.06
24	1224.16
25	1176.83
26	1155.64
27	1135.91
28	1107.32
29	1100.46
30	1097.17
31	1094.49
32	1089.07
33	1082.94
34	1067.42
35	1057.44
36	1046.98
37	1027.85
38	1020.22
39	1006.95
40	1020.35
41	1031.44
42	1033.37
43	1029.76
44	1027.17
45	1022.2
46	1019.7
47	1018.13
48	1015.85
49	1009.38
50	1014.31
51	1021.77
52	1027.83
53	1037.52
54	1036.16
55	1033.27
56	1025.9
57	1023.54
58	1018.04
59	1015.44
60	1017.73
61	1019.21
62	1020.41
63	1025.55
64	1029.65
65	1032.44
66	1037.64
67	1046.81
68	1047.35
69	1054.67
70	1035.99
71	1047.16
72	1045.58
73	1051.9
74	1072.62
75	1060.51
76	1049.03
77	1039.52
78	1039
79	1034.03
80	1032.62
81	1033.55
82	1038.63
83	1050.32
84	1056.54
85	1055.45
86	1052.59
87	1047.37
88	1060.4
89	1075.85
90	1089.69
91	1087.52
92	1076.43
93	1075.88
94	1079.35
95	1088.59
96	1099.14
97	1105.06
98	1099.4
99	1103.19
100	1109.21
101	1120.17
102	1143.07
103	1146.26
104	1145.02
105	1137.11
106	1148.05
107	1148.14
108	1153.03
109	1150.11
110	1125.8
111	1102.66
112	1083.07
113	1084.63
114	1098.2
115	1123.47
116	1150.76
117	1155.37
118	1163.44
119	1165.09
120	1160.65
121	1159.31
122	1160.47
123	1155.99
124	1153.52
125	1157.4
126	1168.24
127	1180.41
128	1186.99
129	1193.69
130	1208.83
131	1212.61
132	1215.8
133	1218.37
134	1222.35
135	1211.83
136	1206.28
137	1200.99
138	1199.81
139	1191.92
140	1182.93
141	1183.49
142	1184.05
143	1185.03
144	1171.58
145	1180.78
146	1186.72
147	1187.07
148	1193.82
149	1195.69
150	1193.71
151	1188.93
152	1183.58
153	1185.38
154	1176.91
155	1172.12
156	1172.45
157	1177.29
158	1183.58
159	1164.17
160	1153.25
161	1147.25
162	1149.94
163	1158.39
164	1168.92
165	1174.4
166	1175.62
167	1170.71
168	1166.6
169	1171.83
170	1168.28
171	1160.82
172	1154.16
173	1133.19
174	1114.02
175	1086.45
176	1084.56
177	1092.55
178	1099.95
179	1111.28
180	1126.12
181	1150.41
182	1151.64
183	1146.98
184	1145.99
185	1142.73
186	1199.82
187	1234.09
188	1322.14
189	1499.23
190	1808.19
191	2204.3
192	3030.11
193	3970.59
194	5088.42
195	6707.61
196	8542.88
197	9956.93
198	11071.2
199	12072.9
200	13120.8
201	13320.5
202	13282.3
203	13167.2
204	13101.8
205	12930.9
206	12847.1
207	12968.6
208	13096
209	13206.5
210	13124.5
211	13424.4
212	13537.2
213	13665.3
214	13674.7
215	13687
216	13743.5
217	13737.4
218	13733.6
219	13749.6
220	13563
221	13530
222	13412.3
223	13358.3
224	13316.5
225	13347.6
226	13365.6
227	13344.4
228	13376.2
229	13286.1
230	13160.4
231	13081.8
232	12977.8
233	12957.5
234	12787.2
235	12666.1
236	12629.9
237	12417.6
238	12383.5
239	12241.6
240	12176.2
241	11914.8
242	11837.5
243	11705.8
244	11724
245	11717.1
246	11726.9
247	11492.6
248	11258.3
249	10817.6
250	10607.4
251	10405.9
252	10115
253	9848.48
254	9787.82
255	9814.15
256	9829.09
257	9850.31
258	9762.8
259	9798.03
260	9811.63
261	9833.84
262	9848.79
263	9868.99
264	9872.67
265	9877.85
266	9895.44
267	9901.3
268	9899.39
269	9904.01
270	9909.08
271	9922.86
272	9922.86
273	9973.93
274	9970.17
275	10015.7
276	10008.3
277	10038.6
278	10030.2
279	10093.1
280	10112.3
281	10109.9
282	10121.6
283	10145.3
284	10145.9
285	10148.6
286	10181.1
287	10216.7
288	10259
289	10272.8
290	10286
291	10273.7
292	10274.5
293	10290.2
294	10304.2
295	10320.4
296	10349.8
297	10368.2
298	10387.7
299	10387.5
300	10387.5
301	10394.4
302	10394.6
303	10405.9
304	10400.3
305	10409.1
306	10405.1
307	10402.1
308	10391.7
309	10406.9
310	10411.3
311	10421.1
312	10424.3
313	10435.2
314	10453.1
315	10470.2
316	10479
317	10487.9
318	10480.4
319	10496.5
320	10516.5
321	10503.8
322	10486.5
323	10480
324	10487.4
325	10488
326	10498.1
327	10482.6
328	10482.6
329	10520.7
330	10544.7
331	10544.7
332	10543.4
333	10543.4
334	10540
335	10538.9
336	10538.9
337	10540.9
338	10542
339	10545.4
340	10548
341	10547.7
342	10549.1
343	10549.9
344	10548.3
345	10565.2
346	10567.1
347	10585.5
348	10606.7
349	10618.5
350	10617.5
351	10636.4
352	10696.3
353	10716
354	10734.1
355	10732.9
356	10732.9
357	10726.3
358	10727.9
359	10729.3
360	10728.1
361	10729.1
362	10730.1
363	10728.6
364	10729.8
365	10737.2
366	10747.3
367	10748.9
368	10751.6
369	10755.3
370	10780.3
371	10781
372	10791.8
373	10787.4
374	10816.9
375	10840.2
376	10844.5
377	10855.8
378	10861.4
379	10846
380	10819
381	10815.6
382	10855.3
383	10845
384	10859.1
385	10871.2
386	10846.2
387	10840.4
388	10847.3
389	10846.6
390	10854.5
391	10856.2
392	10861.2
393	10872.1
394	10879.3
395	10882.5
396	10899
397	10899
398	10899
399	10898.8
400	10889.5
401	10889.5
402	10888.8
403	10888.8
404	10889.4
405	10878.2
406	10870.6
407	10849.9
408	10822.4
409	10782.9
410	10784.8
411	10761.2
412	10789.1
413	10776
414	10752.4
415	10762.1
416	10834.8
417	10899.4
418	10968.4
419	11022.9
420	11050.5
421	11190.6
422	11202.5
423	11205
424	11220.9
425	11220.5
426	11243.9
427	11263.3
428	11316.8
429	11359.5
430	11370.5
431	11446.3
432	11478.3
433	11506.5
434	11546.4
435	11567.7
436	11597.5
437	11761.6
438	11741.3
439	11722.5
440	11813.6
441	11811
442	11803
443	11834.7
444	11823.8
445	11844.8
446	11842.2
447	11845.8
448	11845.8
449	11845.2
450	11844
451	11841.7
452	11839.3
453	11841.4
454	11831.8
455	11836.4
456	11835.8
457	11835.8
458	11838.4
459	11828
460	11845.2
461	11849.8
462	11872.9
463	11875.1
464	11925.1
465	11999.7
466	12069.6
467	12163
468	12219.9
469	12239.3
470	12254
471	12250.5
472	12264.1
473	12256.6
474	12263.4
475	12267.1
476	12268.5
477	12272.1
478	12276.3
479	12274
480	12275.1
481	12275.1
482	12275.1
483	12275.1
484	12275.1
485	12275.1
486	12275.1
487	12275.1
488	12275.1
489	12275.1
490	12275.1
491	12275.1
492	12275.1
493	12275.1
494	12275.1
495	12275.1
496	12275.1
497	12275.1
498	12275.1
499	12275.1
500	12275.1
501	12275.1
502	12275.1
503	12275.1
504	12275.1
505	12275.1
506	12275.1
507	12275.1
508	12275.1
509	12275.1
510	12275.1
511	12275.1
512	12275.1
513	12275.1
514	12275.1
515	12275.1
516	12275.1
517	12275.1
518	12275.1
519	12275.1
520	12275.1
521	12275.1
522	12275.1
523	12275.1
524	12275.1
525	12275.1
526	12275.1
527	12275.1
528	12275.1
529	12275.1
530	12275.1
531	12275.1
532	12275.1
533	12275.1
534	12275.1
535	12275.1
536	12275.1
537	12275.1
538	12275.1
539	12275.1
540	12275.1
541	12275.1
542	12275.1
543	12275.1
544	12275.1
545	12275.1
546	12275.1
547	12275.1
548	12275.1
549	12275.1
550	12275.1
551	12275.1
552	12275.1
553	12275.1
554	12275.1
555	12275.1
556	12275.1
557	12275.1
558	12275.1
559	12275.1
560	12275.1
561	12275.1
562	12275.1
563	12275.1
564	12275.1
565	12275.1
566	12275.1
567	12275.1
568	12275.1
569	12275.1
570	12275.1
571	12275.1
572	12275.1
573	12275.1
574	12275.1
575	12275.1
576	12275.1
577	12275.1
578	12275.1
579	12275.1
580	12275.1
581	12275.1
582	12275.1
583	12275.1
584	12275.1
585	12275.1
586	12275.1
587	12275.1
588	12275.1
589	12275.1
590	12275.1
591	12275.1
592	12275.1
593	12275.1
594	12275.1
595	12275.1
596	12275.1
597	12275.1
598	12275.1
599	12275.1
600	12275.1
601	12275.1
602	12275.1
603	12275.1
604	12275.1
605	12275.1
606	12275.1
607	12275.1
608	12275.1
609	12275.1
610	12275.1
611	12275.1
612	12275.1
613	12275.1
614	12275.1
615	12275.1
616	12275.1
617	12275.1
618	12275.1
619	12275.1
620	12275.1
621	12275.1
622	12275.1
623	12275.1
624	12275.1
625	12275.1
626	12275.1
627	12275.1
628	12275.1
629	12275.1
630	12275.1
631	12275.1
632	12275.1
633	12275.1
634	12275.1
635	12275.1
636	12275.1
637	12275.1
638	12275.1
639	12275.1
640	12275.1
641	12275.1
642	12275.1
643	12275.1
644	12275.1
645	12275.1
646	12275.1
647	12275.1
648	12275.1
649	12275.1
650	12275.1
651	12275.1
652	12275.1
653	12275.1
654	12275.1
655	12275.1
656	12275.1
657	12275.1
658	12275.1
659	12275.1
660	12275.1
661	12275.1
662	12275.1
663	12275.1
664	12275.1
665	12275.1
666	12275.1
667	12275.1
668	12275.1
669	12275.1
670	12275.1
671	12275.1
672	12275.1
673	12275.1
674	12275.1
675	12275.1
676	12335.2
