Sample d2 values. Average (d2obs-d2prd)^2 = 2.09579e-07
rec.rate_c	observed_d2	adjusted_d2
0.041101	0.045055	0.0452597
0.028966	0.048522	0.0489494
0.022406	0.052847	0.0521409
0.018282	0.055704	0.0551028
0.015445	0.057967	0.0579323
0.013373	0.060599	0.0606617
0.011792	0.063118	0.0633011
0.010546	0.065495	0.0658497
0.009538	0.068265	0.068307
0.008707	0.070113	0.0706671
0.008009	0.072435	0.0729338
0.007414	0.074403	0.0751094
0.006902	0.077097	0.0771905
0.006456	0.079211	0.0791836
0.006064	0.081052	0.0810921
0.005717	0.083254	0.0829182
0.005408	0.084843	0.0846642
0.00513	0.086336	0.0863408
0.00488	0.089512	0.0879422
0.004653	0.08979	0.0894795
0.004446	0.091525	0.090956
0.004257	0.092733	0.092371
0.004083	0.094124	0.0937342
0.003923	0.095109	0.0950424
0.003774	0.096101	0.0963109
0.003637	0.097204	0.0975226
0.00345052	0.0988327	0.0992468
0.00322791	0.100919	0.101428
0.00303216	0.103611	0.103467
0.00285865	0.105028	0.10538
0.00263658	0.107502	0.10799
0.00238453	0.110867	0.111204
0.00217647	0.114117	0.114095
0.00200188	0.116048	0.116717
0.00179168	0.120839	0.120159
0.00156666	0.124839	0.124277
0.00132561	0.129183	0.129357
0.00109238	0.135283	0.135237
