Ne averages over 40 independent estimates.
Generation	Geometric_mean
1	158.28
2	158.28
3	158.28
4	158.28
5	329.147
6	340.757
7	365.699
8	365.699
9	969.928
10	1142.35
11	1134.39
12	1134.39
13	1189.78
14	1190.38
15	1196.83
16	1200.24
17	1220.28
18	1253.52
19	1262.19
20	1260.45
21	1242.53
22	1235.37
23	1228.39
24	1225.81
25	1224.1
26	1237.64
27	1228.37
28	1215.51
29	1207.6
30	1186.17
31	1169.34
32	1152.35
33	1133.98
34	1125.74
35	1116.46
36	1105.72
37	1083.34
38	1050.23
39	1036.98
40	1032.66
41	1022.52
42	1001.94
43	993.294
44	977.919
45	962.417
46	974.75
47	975.806
48	981.67
49	982.843
50	982.844
51	994.198
52	1003.07
53	986.583
54	979.311
55	988.426
56	980.941
57	970.106
58	995.933
59	1018.41
60	1024.34
61	1037.49
62	1056.82
63	1060.98
64	1066.89
65	1060.28
66	1045.57
67	1035.66
68	1035.59
69	1052.91
70	1072.38
71	1083
72	1092.79
73	1106.56
74	1116.23
75	1131.78
76	1150.1
77	1155.57
78	1170
79	1173.87
80	1189.42
81	1191.87
82	1171.1
83	1158.29
84	1126.49
85	1105.1
86	1104.4
87	1107.02
88	1108.48
89	1125.05
90	1137.84
91	1148.31
92	1168.96
93	1185.01
94	1215.32
95	1229.87
96	1249.72
97	1252.5
98	1258.1
99	1285.37
100	1307.67
101	1338.23
102	1372.04
103	1370.92
104	1377.45
105	1353.21
106	1359.46
107	1377.76
108	1388.02
109	1410.12
110	1403.85
111	1379.18
112	1367.96
113	1361.31
114	1362.59
115	1348.79
116	1357.34
117	1355.38
118	1367.55
119	1364.33
120	1352.46
121	1345.88
122	1331.88
123	1305.37
124	1306.73
125	1295.11
126	1303.3
127	1315.46
128	1315.15
129	1318.34
130	1307.45
131	1321.08
132	1327.07
133	1356.4
134	1387.96
135	1386.04
136	1380.14
137	1378.47
138	1364.73
139	1368.59
140	1371.22
141	1362.75
142	1357.16
143	1353.47
144	1361.61
145	1377.17
146	1373.07
147	1377.52
148	1383.78
149	1381.23
150	1374.21
151	1372.32
152	1377.86
153	1374.81
154	1367.72
155	1336.35
156	1335.32
157	1312.37
158	1315.96
159	1312.31
160	1335.16
161	1333.4
162	1341.69
163	1381.88
164	1391.22
165	1399.61
166	1394.48
167	1379.57
168	1367.19
169	1357.83
170	1337.55
171	1324.45
172	1314.19
173	1315.53
174	1326.31
175	1316.94
176	1326.29
177	1319.15
178	1305.06
179	1296.58
180	1294.85
181	1307.6
182	1330.99
183	1336.44
184	1339.89
185	1334.23
186	1326.65
187	1317.03
188	1310.75
189	1309.97
190	1306.16
191	1301.57
192	1301.89
193	1290.52
194	1292.51
195	1303.45
196	1308.32
197	1354.59
198	1365.88
199	1397.14
200	1506.05
201	1631
202	1889.36
203	2090.84
204	2331.38
205	2542.44
206	2777.84
207	3209.89
208	3644.87
209	4160.1
210	4464.05
211	5381.48
212	6164.28
213	6726.37
214	7208.84
215	7678.31
216	7998.04
217	8335.32
218	8501.66
219	8522.48
220	8624.68
221	8708.04
222	8796.05
223	8790.55
224	8792.02
225	8822.27
226	8822.56
227	8814.21
228	8764.72
229	8751.56
230	8749.36
231	8754.77
232	8780.52
233	8787.43
234	8855.37
235	8932.74
236	8854.91
237	8528.64
238	8077.22
239	7936.98
240	7970.06
241	7981.25
242	7994.62
243	8010.1
244	7999.16
245	8033.85
246	8036.25
247	8032.9
248	8008.51
249	7975.19
250	7944.25
251	7905.31
252	7912
253	7918.13
254	7923.19
255	7923.19
256	7941.76
257	7945.83
258	7945.83
259	7951.81
260	7951.94
261	7960.29
262	7952.89
263	7943.33
264	7938.84
265	7941.21
266	7941.79
267	7942.99
268	7940.56
269	7942.02
270	7942.02
271	7941.98
272	7941.98
273	7940.49
274	7940.49
275	7940.49
276	7941.05
277	7940.5
278	7831.41
279	7713.59
280	7435.16
281	7142.14
282	6971.73
283	6942.75
284	6933.96
285	6927.72
286	6935.64
287	6940.28
288	6939.36
289	6941.91
290	6941.91
291	6939.57
292	6939.57
293	6939.57
294	6939.13
295	6939.13
296	6939.79
297	6933.45
298	6916.61
299	6913.57
300	6856.82
301	6841.76
302	6640.59
303	6437.71
304	6192.77
305	5886.57
306	5713
307	5713.1
308	5658.43
309	5600.74
310	5600.15
311	5601.97
312	5389.36
313	5154
314	4839.47
315	4751.44
316	4544.05
317	4424.05
318	4350.6
319	4274.42
320	4249.47
321	4206.41
322	4139.34
323	4138.53
324	4042.01
325	3950.59
326	3950.45
327	3950.03
328	3949.13
329	3949.52
330	3948.87
331	3947.49
332	3944.55
333	3942.15
334	3938.48
335	3940.73
336	3940.73
337	3936.97
338	3944.34
339	3935.61
340	3937.52
341	3938.05
342	3940.08
343	3940.08
344	3937.97
345	3939.18
346	3942.93
347	3943.66
348	3943.66
349	3926.64
350	3892.08
351	3881.96
352	3872.62
353	3849.25
354	3849.07
355	3841.95
356	3842.54
357	3832.5
358	3823.25
359	3821.26
360	3819.53
361	3819.53
362	3820.17
363	3740.1
364	3702.57
365	3638.37
366	3585.42
367	3573.43
368	3523.64
369	3529.33
370	3529.33
371	3532.16
372	3542.9
373	3542.9
374	3546.72
375	3553.56
376	3553.13
377	3552.08
378	3552.04
379	3552.07
380	3552.3
381	3552.3
382	3552.2
383	3552.18
384	3546.39
385	3540.08
386	3521.15
387	3521.15
388	3516.12
389	3499.44
390	3499.44
391	3493.19
392	3493.1
393	3493.1
394	3496.05
395	3517.21
396	3531.54
397	3544.17
398	3548.55
399	3565.39
400	3575.36
401	3594.86
402	3596.97
403	3609.35
404	3610.36
405	3610.36
406	3611.64
407	3611.95
408	3613.05
409	3607.06
410	3608.47
411	3598.51
412	3598.6
413	3605.53
414	3622.23
415	3635.01
416	3651.23
417	3661.56
418	3680.61
419	3691.53
420	3700.49
421	3709.18
422	3711.65
423	3711.85
424	3726.47
425	3732.74
426	3735.03
427	3737.7
428	3756.38
429	3757.62
430	3765.66
431	3769.43
432	3781.82
433	3790.52
434	3803.53
435	3820.49
436	3829.96
437	3843.18
438	3860.34
439	3870.09
440	3871.45
441	3876.63
442	3879.34
443	3881.56
444	3880.35
445	3888.55
446	3888.55
447	3888.66
448	3889.3
449	3895.64
450	3916.03
451	3930.37
452	3944.31
453	3951.76
454	3949.04
455	3947.45
456	3942.2
457	3943.29
458	3946.05
459	3948.25
460	3953.41
461	3952.34
462	3953.54
463	3955.54
464	3958.57
465	3964.4
466	3971.65
467	3976.09
468	3979.92
469	3984.02
470	3984.02
471	3984.02
472	3984
473	3990.69
474	3995.99
475	4000.85
476	4005.28
477	4005.28
478	4005.28
479	4008.51
480	4008.21
481	4006.3
482	4004.42
483	4004.61
484	4003.73
485	4003.95
486	4004.35
487	4004.35
488	4004.35
489	4004.35
490	4004.35
491	4004.35
492	4004.35
493	4004.35
494	4004.35
495	4004.35
496	4004.35
497	4004.35
498	4004.35
499	4004.35
500	4004.35
501	4004.35
502	4004.35
503	4004.35
504	4004.35
505	4004.35
506	4004.35
507	4004.35
508	4004.35
509	4004.35
510	4004.35
511	4004.35
512	4004.35
513	4004.35
514	4004.35
515	4004.35
516	4004.35
517	4004.35
518	4004.35
519	4004.35
520	4004.35
521	4004.35
522	4004.35
523	4004.35
524	4004.35
525	4004.35
526	4004.35
527	4004.35
528	4004.35
529	4004.35
530	4004.35
531	4004.35
532	4004.35
533	4004.35
534	4004.35
535	4004.35
536	4004.35
537	4004.35
538	4004.35
539	4004.35
540	4004.35
541	4004.35
542	4004.35
543	4004.35
544	4004.35
545	4004.35
546	4004.35
547	4004.35
548	4004.35
549	4004.35
550	4004.35
551	4004.35
552	4004.35
553	4004.35
554	4004.35
555	4004.35
556	4004.35
557	4004.35
558	4004.35
559	4004.35
560	4004.35
561	4004.35
562	4004.35
563	4004.35
564	4004.35
565	4004.35
566	4004.35
567	4004.35
568	4004.35
569	4004.35
570	4004.35
571	4004.35
572	4004.35
573	4004.35
574	4004.35
575	4004.35
576	4004.35
577	4004.35
578	4004.35
579	4004.35
580	4004.35
581	4004.35
582	4004.35
583	4004.35
584	4004.35
585	4004.35
586	4004.35
587	4004.35
588	4004.35
589	4004.35
590	4004.35
591	4004.35
592	4004.35
593	4004.35
594	4004.35
595	4004.35
596	4004.35
597	4004.35
598	4004.35
599	4004.35
600	4004.35
601	4004.35
602	4004.35
603	4004.35
604	4004.35
605	4004.35
606	4004.35
607	4004.35
608	4004.35
609	4004.35
610	4004.35
611	4004.35
612	4004.35
613	4004.35
614	4004.35
615	4004.35
616	4004.35
617	4004.35
618	4004.35
619	4004.35
620	4004.35
621	4004.35
622	4004.35
623	4004.35
624	4004.35
625	4004.35
626	4004.35
627	4004.35
628	4004.35
629	4004.35
630	4004.35
631	4004.35
632	4004.35
633	4004.35
634	4004.35
635	4004.35
636	4004.35
637	4004.35
638	4004.35
639	4004.35
640	4004.35
641	4004.35
642	4004.35
643	4004.35
644	4004.35
645	4004.35
646	4004.35
647	4004.35
648	4004.35
649	4004.35
650	4004.35
651	4004.35
652	4004.35
653	4004.35
654	4004.35
655	4004.35
656	4004.35
657	4004.35
658	4004.35
659	4004.35
660	4004.35
661	4004.35
662	4004.35
663	4004.35
664	4004.35
665	4004.35
666	4004.35
667	4004.35
668	4004.35
669	4004.35
670	4004.35
671	4004.35
672	4004.35
673	4004.35
674	4004.35
675	4004.35
676	4004.35
677	4004.35
678	4004.35
679	4004.35
680	4004.35
681	4004.35
682	4004.35
683	4004.35
684	4004.35
685	4004.35
686	4004.35
687	4004.35
688	4004.35
689	4004.35
690	4004.35
691	4004.35
692	4004.35
693	4004.35
694	4004.35
695	4004.35
696	4004.35
697	4004.35
698	4004.35
699	4004.35
700	4004.35
701	4004.35
702	4004.35
703	4004.35
704	4004.35
705	4004.35
706	4004.35
707	4004.35
708	4004.35
709	4004.35
710	4004.35
711	4004.35
712	4004.35
713	4004.35
714	4004.35
715	4004.35
716	4004.35
717	4004.35
718	4004.35
719	4004.35
720	4004.35
721	4004.35
722	4004.35
723	4004.35
724	4004.35
725	4004.35
726	4004.35
727	4004.35
728	4004.35
729	4004.35
730	4004.35
731	4004.35
732	4004.35
733	4004.35
734	4004.35
735	4004.35
736	4004.35
737	4004.35
738	4004.35
739	4004.35
740	4004.35
741	4004.35
742	4004.35
743	4004.35
744	4004.35
745	4004.35
746	4004.35
747	4004.35
748	4004.35
749	4004.35
750	4004.35
751	4004.35
752	4004.35
753	4004.35
754	4004.35
755	4107.41
