Ne averages over 40 independent estimates.
Generation	Geometric_mean
1	159.979
2	159.979
3	159.979
4	159.979
5	402.211
6	419.806
7	464.591
8	535.222
9	975.103
10	1030.41
11	1078.77
12	1063.96
13	1158.75
14	1169.58
15	1177.59
16	1204.37
17	1229.86
18	1248.87
19	1235.62
20	1220.88
21	1217.16
22	1212.42
23	1195.55
24	1181.91
25	1153.2
26	1116.73
27	1095.96
28	1112.31
29	1096.18
30	1112.09
31	1109.57
32	1092.03
33	1088.13
34	1077.94
35	1083.85
36	1091.37
37	1093.71
38	1108.33
39	1109.15
40	1112.71
41	1105.49
42	1081.68
43	1064.03
44	1036.64
45	1011.66
46	993.801
47	966.246
48	940.615
49	923.435
50	916.802
51	920.188
52	942.147
53	951.338
54	957.411
55	927.28
56	925.077
57	925.279
58	939.641
59	945.597
60	945.686
61	959.138
62	982.672
63	990.827
64	1000.98
65	1021.18
66	1046.95
67	1044.38
68	1040.24
69	1040.54
70	1036.63
71	1016.23
72	1000.71
73	993.127
74	1010.01
75	1030.92
76	1038.78
77	1072.47
78	1077.21
79	1061.4
80	1066.35
81	1054.75
82	1046.83
83	1048.31
84	1045.39
85	1051.67
86	1079.63
87	1078.23
88	1088.1
89	1085.09
90	1085.52
91	1098.91
92	1112.06
93	1122.69
94	1125.98
95	1134.61
96	1144.15
97	1138.02
98	1155.99
99	1229.19
100	1249.4
101	1285.22
102	1318.19
103	1350.35
104	1357.87
105	1352.23
106	1332.22
107	1295.67
108	1277.61
109	1270.06
110	1265.53
111	1280.55
112	1302.44
113	1310.82
114	1331.34
115	1354.66
116	1385.81
117	1412.72
118	1425.88
119	1427.06
120	1428.36
121	1434.2
122	1448.51
123	1472.92
124	1480.91
125	1473.26
126	1458.53
127	1452.49
128	1455.54
129	1466.4
130	1481.32
131	1499.65
132	1535.36
133	1551.67
134	1564.54
135	1563.22
136	1558.91
137	1551.07
138	1565.44
139	1575.18
140	1590.65
141	1615.45
142	1621.16
143	1643.43
144	1657.15
145	1627.64
146	1618.27
147	1589.09
148	1550.97
149	1546.88
150	1544.83
151	1561.34
152	1588.97
153	1596.02
154	1590.57
155	1591.75
156	1578.91
157	1586.4
158	1589.88
159	1612.95
160	1642.02
161	1632.1
162	1629.63
163	1609.58
164	1613.62
165	1611.74
166	1603.9
167	1606.33
168	1611.01
169	1641.23
170	1695.46
171	1730.64
172	1909.73
173	2001.3
174	2100.07
175	2145.49
176	2210.99
177	2345.26
178	2439.64
179	2674.49
180	2954.68
181	3069.71
182	3224.78
183	3377.66
184	3540.07
185	3945.76
186	4306
187	4606.97
188	4878.78
189	5048.37
190	5413.64
191	5685.55
192	5958.42
193	6247.2
194	6312.46
195	6318.16
196	6438.84
197	6580.23
198	6862.3
199	7079.53
200	7420.17
201	7458.63
202	7392.32
203	7307.68
204	7241.25
205	7215.64
206	7195.8
207	7243.01
208	7278.32
209	7371.1
210	7438.79
211	7466.17
212	7440.48
213	7417.23
214	7351.78
215	7352.31
216	7363.95
217	7346.11
218	7417.98
219	7686.79
220	7900.17
221	7907.29
222	7868.99
223	7702.99
224	7609.86
225	7539.44
226	7383.92
227	7291.52
228	7168.57
229	7113.03
230	7063.72
231	7012.99
232	6998.82
233	6946.37
234	6887.91
235	6806.24
236	6717.04
237	6699.4
238	6669.92
239	6664.19
240	6651.39
241	6636.37
242	6636.6
243	6606.99
244	6592.52
245	6579.92
246	6577.78
247	6575.25
248	6573.95
249	6582.89
250	6588.46
251	6605.03
252	6608.52
253	6614.25
254	6614.22
255	6634.31
256	6656.5
257	6658.02
258	6679.37
259	6682.45
260	6675.84
261	6680.15
262	6687.56
263	6677.46
264	6665.48
265	6648.67
266	6616.37
267	6596.69
268	6552.29
269	6534.91
270	6523.18
271	6516.95
272	6516.95
273	6516.95
274	6516.95
275	6520.01
276	6520.01
277	6520.01
278	6512.6
279	6512.6
280	6508.01
281	6493.65
282	6465.25
283	6458.08
284	6462.41
285	6465.93
286	6478.4
287	6478.4
288	6478.4
289	6460.82
290	6435.43
291	6422.8
292	6423.33
293	6392.28
294	6360.49
295	6360
296	6322.21
297	6333.04
298	6330.41
299	6323.63
300	6325.74
301	6326.32
302	6325.16
303	6340.65
304	6333.79
305	6330.83
306	6326.1
307	6179.53
308	5975.97
309	5577.95
310	5606.64
311	5371.58
312	5269.62
313	5220.43
314	5127.58
315	5130.18
316	5135.05
317	5090.06
318	4902.25
319	4634.86
320	4459.02
321	4296.91
322	4296.15
323	4296.15
324	4298.79
325	4297.58
326	4297.88
327	4301.25
328	4301.25
329	4331.98
330	4364.79
331	4379.36
332	4385.95
333	4398.41
334	4395.32
335	4394.36
336	4386.28
337	4303.6
338	4304.18
339	4222.17
340	4130.32
341	4063.4
342	4077.44
343	4101.66
344	4102.26
345	4121.52
346	4138.99
347	4148.48
348	4156.42
349	4169.34
350	4181.89
351	4175.98
352	4168.39
353	4171.35
354	4111.57
355	4011.92
356	3919.91
357	3944.46
358	3911.51
359	3834.37
360	3842.26
361	3740.44
362	3740.55
363	3740.55
364	3760.65
365	3779.84
366	3800.45
367	3808.44
368	3826.14
369	3794.72
370	3771.61
371	3733.46
372	3715.15
373	3681.41
374	3669.34
375	3680.39
376	3694.58
377	3697.94
378	3706.41
379	3706.84
380	3713.16
381	3713.3
382	3712.5
383	3529.73
384	3447.37
385	3407.65
386	3368.61
387	3370.56
388	3372.11
389	3374.05
390	3337.32
391	3302.95
392	3327.62
393	3356.01
394	3381.03
395	3384.94
396	3403.57
397	3405.18
398	3407.42
399	3424.76
400	3444.99
401	3451.14
402	3471.04
403	3483.92
404	3493.64
405	3504.17
406	3514.22
407	3516.71
408	3516.71
409	3515.65
410	3515.65
411	3514.67
412	3514.37
413	3514.37
414	3514.37
415	3514.37
416	3516.7
417	3519.7
418	3528.68
419	3531.02
420	3535.63
421	3541.51
422	3541.51
423	3541.51
424	3547.66
425	3569.39
426	3583.84
427	3604.28
428	3615.5
429	3584.19
430	3592.22
431	3261.03
432	3252.7
433	3228.69
434	3255.53
435	3258.95
436	3278.48
437	3288.9
438	3331.97
439	3339.63
440	3341.1
441	3339.75
442	3336.4
443	3332.76
444	3334.22
445	3334.02
446	3334.16
447	3334.16
448	3342.8
449	3342.82
450	3348.11
451	3369.71
452	3411.22
453	3466.29
454	3493.88
455	3517.59
456	3517.59
457	3545.98
458	3555.15
459	3556.35
460	3558.75
461	3574.33
462	3598.46
463	3617.83
464	3618.27
465	3597.39
466	3583.75
467	3587.53
468	3612.32
469	3609.14
470	3615.17
471	3599.72
472	3599.29
473	3601.53
474	3591.58
475	3555.37
476	3559.86
477	3555.78
478	3579.86
479	3552.32
480	3473.27
481	3434.41
482	3434.41
483	3326.32
484	3258.87
485	3258.87
486	3222.41
487	3222.41
488	3222.41
489	3222.41
490	3222.41
491	3222.41
492	3222.41
493	3222.41
494	3222.41
495	3222.41
496	3222.41
497	3222.41
498	3222.41
499	3222.41
500	3222.41
501	3222.41
502	3222.41
503	3222.41
504	3222.41
505	3222.41
506	3222.41
507	3222.41
508	3222.41
509	3222.41
510	3222.41
511	3222.41
512	3222.41
513	3222.41
514	3222.41
515	3222.41
516	3222.41
517	3222.41
518	3222.41
519	3222.41
520	3222.41
521	3222.41
522	3222.41
523	3222.41
524	3222.41
525	3222.41
526	3222.41
527	3222.41
528	3222.41
529	3222.41
530	3222.41
531	3222.41
532	3222.41
533	3222.41
534	3222.41
535	3222.41
536	3222.41
537	3222.41
538	3222.41
539	3222.41
540	3222.41
541	3222.41
542	3222.41
543	3222.41
544	3222.41
545	3222.41
546	3222.41
547	3222.41
548	3222.41
549	3222.41
550	3222.41
551	3222.41
552	3222.41
553	3222.41
554	3222.41
555	3222.41
556	3222.41
557	3222.41
558	3222.41
559	3222.41
560	3222.41
561	3222.41
562	3222.41
563	3222.41
564	3222.41
565	3222.41
566	3222.41
567	3222.41
568	3222.41
569	3222.41
570	3222.41
571	3222.41
572	3222.41
573	3222.41
574	3222.41
575	3222.41
576	3222.41
577	3222.41
578	3222.41
579	3222.41
580	3222.41
581	3222.41
582	3222.41
583	3222.41
584	3222.41
585	3222.41
586	3222.41
587	3222.41
588	3222.41
589	3222.41
590	3222.41
591	3222.41
592	3222.41
593	3222.41
594	3222.41
595	3222.41
596	3222.41
597	3222.41
598	3222.41
599	3222.41
600	3222.41
601	3222.41
602	3222.41
603	3222.41
604	3222.41
605	3222.41
606	3222.41
607	3222.41
608	3222.41
609	3222.41
610	3222.41
611	3222.41
612	3222.41
613	3222.41
614	3222.41
615	3222.41
616	3222.41
617	3222.41
618	3222.41
619	3222.41
620	3222.41
621	3222.41
622	3222.41
623	3222.41
624	3222.41
625	3222.41
626	3222.41
627	3222.41
628	3222.41
629	3222.41
630	3222.41
631	3222.41
632	3222.41
633	3222.41
634	3222.41
635	3222.41
636	3222.41
637	3222.41
638	3222.41
639	3222.41
640	3222.41
641	3222.41
642	3222.41
643	3222.41
644	3222.41
645	3222.41
646	3222.41
647	3222.41
648	3222.41
649	3222.41
650	3222.41
651	3222.41
652	3222.41
653	3222.41
654	3222.41
655	3222.41
656	3222.41
657	3222.41
658	3222.41
659	3222.41
660	3222.41
661	3222.41
662	3222.41
663	3222.41
664	3222.41
665	3222.41
666	3222.41
667	3222.41
668	3222.41
669	3222.41
670	3222.41
671	3222.41
672	3222.41
673	3222.41
674	3222.41
675	3222.41
676	3222.41
677	3222.41
678	3222.41
679	3222.41
680	3222.41
681	3222.41
682	3222.41
683	3222.41
684	3222.41
685	3222.41
686	3222.41
687	3222.41
688	3222.41
689	3222.41
690	3222.41
691	3222.41
692	3222.41
693	3222.41
694	3222.41
695	3222.41
696	3222.41
697	3222.41
698	3222.41
699	3222.41
700	3222.41
701	3222.41
702	3222.41
703	3222.41
704	3222.41
705	3222.41
706	3222.41
707	3222.41
708	3222.41
709	3222.41
710	3222.41
711	3222.41
712	3222.41
713	3222.41
714	3222.41
715	3222.41
716	3222.41
717	3222.41
718	3222.41
719	3222.41
720	3222.41
721	3222.41
722	3222.41
723	3222.41
724	3222.41
725	3222.41
726	3222.41
727	3222.41
728	3222.41
729	3222.41
730	3222.41
731	3222.41
732	3222.41
733	3222.41
734	3222.41
735	3222.41
736	3222.41
737	3222.41
738	3222.41
739	3222.41
740	3222.41
741	3222.41
742	3222.41
743	3222.41
744	3222.41
745	3222.41
746	3222.41
747	3222.41
748	3222.41
749	3222.41
750	3222.41
751	3222.41
752	3222.41
753	3222.41
754	3222.41
755	3312.46
