Sample d2 values. Average (d2obs-d2prd)^2 = 1.49774e-07
rec.rate_c	observed_d2	adjusted_d2
0.041095	0.048366	0.0477765
0.028964	0.051394	0.0521923
0.022407	0.055287	0.0559017
0.018283	0.059475	0.0592295
0.015445	0.062996	0.0623081
0.013372	0.065806	0.0651993
0.011792	0.068019	0.067935
0.010546	0.070516	0.0705387
0.009538	0.072841	0.073023
0.008706	0.074914	0.0753958
0.008008	0.07744	0.0776626
0.007414	0.079433	0.0798299
0.006902	0.08192	0.0819048
0.006456	0.083979	0.0838929
0.006064	0.085556	0.085799
0.005717	0.087495	0.0876262
0.005408	0.089835	0.0893771
0.00513	0.091692	0.0910628
0.00488	0.092268	0.0926772
0.004653	0.094113	0.0942315
0.004446	0.096567	0.0957287
0.004257	0.097389	0.0971677
0.004083	0.098495	0.0985582
0.003923	0.099546	0.0998965
0.003775	0.10053	0.101189
0.003637	0.102939	0.102445
0.00345149	0.104193	0.104215
0.00322786	0.106651	0.106487
0.00303212	0.10892	0.108612
0.0028586	0.110469	0.110615
0.00263659	0.113302	0.113361
0.00238451	0.116253	0.116767
0.00217661	0.119962	0.119847
0.00200199	0.122802	0.122658
0.00179174	0.126289	0.12637
0.00156676	0.130669	0.130836
0.00132572	0.136385	0.136381
0.00109238	0.143034	0.142836
