Ne averages over 40 independent estimates.
Generation	Geometric_mean
1	128.103
2	128.103
3	128.103
4	128.103
5	726.669
6	747.999
7	837.745
8	967.316
9	1018.78
10	1040.84
11	1017.77
12	1017
13	1028.42
14	1044.79
15	1047.95
16	1060.55
17	1071.68
18	1090.57
19	1117.52
20	1127.89
21	1137.87
22	1130.36
23	1133.42
24	1140.19
25	1170.52
26	1186.62
27	1206.25
28	1211.04
29	1208.94
30	1220.65
31	1245.28
32	1280.17
33	1287.99
34	1295.13
35	1296.05
36	1317.83
37	1325.44
38	1325.54
39	1325.35
40	1335.27
41	1334.27
42	1328.36
43	1297.77
44	1295.36
45	1275.43
46	1294.82
47	1322.29
48	1302.35
49	1310.01
50	1312.95
51	1304.56
52	1298.52
53	1310.15
54	1279.9
55	1221.5
56	1213.17
57	1236.59
58	1262.9
59	1279.78
60	1289.14
61	1298.23
62	1297.41
63	1321.06
64	1316.36
65	1288.34
66	1287.86
67	1272.91
68	1247.15
69	1241.28
70	1240.64
71	1226.78
72	1199.54
73	1184.73
74	1178.74
75	1172.53
76	1134.89
77	1118.88
78	1095.8
79	1064.46
80	1045.57
81	1049.96
82	1054.9
83	1063.96
84	1068.45
85	1063.71
86	1044.08
87	1018.91
88	1029.71
89	1030.51
90	1037.93
91	1053.1
92	1039.7
93	1024.42
94	994.818
95	973.506
96	945.853
97	944.222
98	926.194
99	918.437
100	904.674
101	906.807
102	927
103	944.719
104	960.785
105	955.939
106	957.84
107	960.693
108	955.739
109	965.76
110	957.167
111	964.136
112	960.241
113	960.329
114	951.537
115	939.097
116	930.344
117	932.665
118	938.189
119	938.519
120	941.33
121	971.22
122	1006.02
123	1017.54
124	1020.53
125	1014.43
126	1003.11
127	991.677
128	983.235
129	981.691
130	981.463
131	992.663
132	997.599
133	1001.94
134	997.388
135	983.852
136	973.978
137	982.101
138	988.186
139	987.148
140	1009.43
141	1040.78
142	1067.52
143	1080.01
144	1091.55
145	1098.22
146	1096.35
147	1111.48
148	1114.47
149	1116.18
150	1118.86
151	1125.74
152	1142.48
153	1153.03
154	1160.27
155	1171.08
156	1172.34
157	1180.37
158	1187.09
159	1206.12
160	1247.92
161	1258.62
162	1279.99
163	1287.33
164	1309.31
165	1333.6
166	1358.03
167	1369.46
168	1372.76
169	1385.21
170	1393.03
171	1403.67
172	1414.91
173	1432.04
174	1434.49
175	1443.28
176	1452.44
177	1446.08
178	1441.23
179	1453.98
180	1501.02
181	1565.96
182	1667.9
183	1801.29
184	1991.23
185	2251.07
186	2522.79
187	2865.77
188	3258.8
189	3871.7
190	4955.68
191	6192.2
192	7065.88
193	7830.85
194	8803.46
195	9325.43
196	9481
197	10050.1
198	10426.2
199	10689.4
200	11156.5
201	11817.8
202	11995.8
203	11921
204	11965.6
205	12046.2
206	12138
207	12204.3
208	12217
209	12158.8
210	12151.7
211	12099.8
212	12086.2
213	12063.4
214	12011.9
215	12030.1
216	12081.7
217	12087.1
218	12161.4
219	12275.3
220	12311.7
221	12332.6
222	12426.7
223	12419.7
224	12515.2
225	12466.2
226	12325.4
227	12301.6
228	12051.4
229	11686.3
230	11326.3
231	10964.7
232	11054.2
233	11149.4
234	11220.8
235	11349.9
236	11467.6
237	11497.6
238	11531.6
239	11539.3
240	11552.6
241	11548.4
242	11536.2
243	11532.1
244	11570.9
245	11591.7
246	11613.7
247	11592.5
248	11598.2
249	11586.7
250	11599.7
251	11613.8
252	11603.9
253	11597.1
254	11611.4
255	11623.2
256	11638.6
257	11642.1
258	11641.1
259	11649
260	11663.5
261	11677.4
262	11675.1
263	11660.6
264	11548.6
265	11425.1
266	11345.6
267	11334.2
268	11340.3
269	11315.6
270	11301.8
271	11312.5
272	11313.8
273	11324.7
274	11340.9
275	11343
276	11373.5
277	11395.8
278	11404.3
279	11418.1
280	11447.9
281	11495.5
282	11507.4
283	11518.4
284	11531.4
285	11520
286	11539.6
287	11560.8
288	11259.1
289	11002.9
290	10444.7
291	10144.9
292	9949.55
293	9395.26
294	9017.88
295	8931.4
296	8757.22
297	8629.17
298	8541.8
299	8284.32
300	8128.17
301	7974.31
302	7746.86
303	7746.86
304	7747
305	7753.57
306	7763.9
307	7761.96
308	7766.35
309	7758.15
310	7758
311	7758.77
312	7754.41
313	7752.4
314	7756.21
315	7741.11
316	7743.05
317	7746.46
318	7728.68
319	7704.82
320	7653.24
321	7646
322	7645.46
323	7616.48
324	7591.77
325	7573.66
326	7569
327	7556.78
328	7578.65
329	7588.66
330	7605.49
331	7593.92
332	7584.86
333	7585.78
334	7584.81
335	7580.85
336	7569.03
337	7550.41
338	7550.43
339	7551.1
340	7516.75
341	7513.94
342	7513.41
343	7510.69
344	7511.49
345	7511.44
346	7514.97
347	7505.07
348	7486.1
349	7451.65
350	7450.8
351	7459.97
352	7465.53
353	7476.42
354	7477.87
355	7481.89
356	7485.37
357	7490.09
358	7489.03
359	7490.55
360	7491.88
361	7495.1
362	7494.01
363	7490.89
364	7488.21
365	7487.75
366	7491.28
367	7492.61
368	7489.05
369	7490.76
370	7486.4
371	7488.16
372	7489.62
373	7497.77
374	7497.77
375	7495.78
376	7496.1
377	7496.2
378	7494.2
379	7503.23
380	7499.57
381	7499.57
382	7490.34
383	7501.34
384	7503.27
385	7509.08
386	7509.08
387	7499.31
388	7473.51
389	7473.51
390	7473.51
391	7473.51
392	7459.08
393	7441.67
394	7441.67
395	7439.58
396	7439.58
397	7439.58
398	7441.16
399	7438.42
400	7438.42
401	7391.48
402	7374.67
403	7351.38
404	7346.58
405	7329.2
406	7292.11
407	7272.53
408	7249.04
409	7228.88
410	7219.92
411	7216.24
412	7205.81
413	7202.61
414	7198.69
415	7170.24
416	7159.24
417	7152.04
418	7148.08
419	7145.96
420	7138.52
421	7128.02
422	7120.15
423	7115.59
424	7111.03
425	7110.09
426	7099.58
427	7080.69
428	7048.89
429	7043.96
430	7008.4
431	6993.76
432	6977.24
433	6956.91
434	6956.91
435	6955.81
436	6950.88
437	6945.92
438	6946.45
439	6945.79
440	6944.6
441	6942.28
442	6939.01
443	6936.3
444	6936.27
445	6832.62
446	6696.72
447	6630.45
448	6618.35
449	6598.37
450	6552.27
451	6545.62
452	6539.37
453	6527.58
454	6517.04
455	6506.27
456	6500.91
457	6489.48
458	6459.16
459	6435.24
460	6459.67
461	6441.6
462	6462
463	6465.7
464	6473.26
465	6472.59
466	6473.65
467	6475.19
468	6470.52
469	6470.95
470	6471.25
471	6471.25
472	6462.13
473	6459.4
474	6456.88
475	6456.88
476	6456.88
477	6457.43
478	6457.43
479	6457.43
480	6457.43
481	6457.43
482	6455.57
483	6455.81
484	6449
485	6447.47
486	6443.02
487	6443.02
488	6443.02
489	6443.02
490	6443.02
491	6443.02
492	6272.44
493	6188.85
494	5944.72
495	5944.72
496	5710.21
497	5710.21
498	5634.12
499	5634.12
500	5634.12
501	5634.12
502	5634.12
503	5634.12
504	5634.12
505	5634.12
506	5634.12
507	5634.12
508	5634.12
509	5634.12
510	5634.12
511	5634.12
512	5634.12
513	5634.12
514	5634.12
515	5634.12
516	5634.12
517	5634.12
518	5634.12
519	5634.12
520	5634.12
521	5634.12
522	5634.12
523	5634.12
524	5634.12
525	5634.12
526	5634.12
527	5634.12
528	5634.12
529	5634.12
530	5634.12
531	5634.12
532	5634.12
533	5634.12
534	5634.12
535	5634.12
536	5634.12
537	5634.12
538	5634.12
539	5634.12
540	5634.12
541	5634.12
542	5634.12
543	5634.12
544	5634.12
545	5634.12
546	5634.12
547	5634.12
548	5634.12
549	5634.12
550	5634.12
551	5634.12
552	5634.12
553	5634.12
554	5634.12
555	5634.12
556	5634.12
557	5634.12
558	5634.12
559	5634.12
560	5634.12
561	5634.12
562	5634.12
563	5634.12
564	5634.12
565	5634.12
566	5634.12
567	5634.12
568	5634.12
569	5634.12
570	5634.12
571	5634.12
572	5634.12
573	5634.12
574	5634.12
575	5634.12
576	5634.12
577	5634.12
578	5634.12
579	5634.12
580	5634.12
581	5634.12
582	5634.12
583	5634.12
584	5634.12
585	5634.12
586	5634.12
587	5634.12
588	5634.12
589	5634.12
590	5634.12
591	5634.12
592	5634.12
593	5634.12
594	5634.12
595	5634.12
596	5634.12
597	5634.12
598	5634.12
599	5634.12
600	5634.12
601	5634.12
602	5634.12
603	5634.12
604	5634.12
605	5634.12
606	5634.12
607	5634.12
608	5634.12
609	5634.12
610	5634.12
611	5634.12
612	5634.12
613	5634.12
614	5634.12
615	5634.12
616	5634.12
617	5634.12
618	5634.12
619	5634.12
620	5634.12
621	5634.12
622	5634.12
623	5634.12
624	5634.12
625	5634.12
626	5634.12
627	5634.12
628	5634.12
629	5634.12
630	5634.12
631	5634.12
632	5634.12
633	5634.12
634	5634.12
635	5634.12
636	5634.12
637	5634.12
638	5634.12
639	5634.12
640	5634.12
641	5634.12
642	5634.12
643	5634.12
644	5634.12
645	5634.12
646	5634.12
647	5634.12
648	5634.12
649	5634.12
650	5634.12
651	5634.12
652	5634.12
653	5634.12
654	5634.12
655	5634.12
656	5634.12
657	5634.12
658	5634.12
659	5634.12
660	5634.12
661	5634.12
662	5634.12
663	5634.12
664	5634.12
665	5634.12
666	5634.12
667	5634.12
668	5634.12
669	5634.12
670	5634.12
671	5634.12
672	5634.12
673	5634.12
674	5634.12
675	5634.12
676	5634.12
677	5634.12
678	5634.12
679	5634.12
680	5634.12
681	5634.12
682	5634.12
683	5634.12
684	5634.12
685	5634.12
686	5634.12
687	5634.12
688	5634.12
689	5634.12
690	5634.12
691	5634.12
692	5634.12
693	5634.12
694	5634.12
695	5634.12
696	5634.12
697	5634.12
698	5634.12
699	5634.12
700	5634.12
701	5634.12
702	5634.12
703	5634.12
704	5634.12
705	5634.12
706	5634.12
707	5634.12
708	5634.12
709	5634.12
710	5634.12
711	5634.12
712	5634.12
713	5634.12
714	5634.12
715	5634.12
716	5634.12
717	5634.12
718	5634.12
719	5634.12
720	5634.12
721	5634.12
722	5634.12
723	5634.12
724	5634.12
725	5634.12
726	5634.12
727	5634.12
728	5634.12
729	5634.12
730	5634.12
731	5634.12
732	5634.12
733	5634.12
734	5634.12
735	5634.12
736	5634.12
737	5634.12
738	5634.12
739	5634.12
740	5634.12
741	5634.12
742	5634.12
743	5634.12
744	5634.12
745	5634.12
746	5634.12
747	5634.12
748	5634.12
749	5634.12
750	5634.12
751	5634.12
752	5634.12
753	5634.12
754	5634.12
755	5581.65
