Sample d2 values. Average (d2obs-d2prd)^2 = 1.40235e-07
rec.rate_c	observed_d2	adjusted_d2
0.0411	0.050401	0.0502518
0.028969	0.053984	0.0543985
0.022406	0.058239	0.0580724
0.018283	0.061918	0.0615096
0.015445	0.064816	0.0647913
0.013374	0.067571	0.0679358
0.011792	0.070511	0.0709571
0.010546	0.073985	0.0738501
0.009538	0.076538	0.0766184
0.008707	0.079924	0.0792585
0.008009	0.081979	0.0817778
0.007414	0.084249	0.0841815
0.006902	0.08616	0.0864678
0.006456	0.088225	0.0886463
0.006064	0.090885	0.0907224
0.005717	0.092917	0.0926999
0.005408	0.094674	0.0945825
0.00513	0.096027	0.096383
0.00488	0.097602	0.0980961
0.004653	0.099171	0.0997346
0.00435356	0.102684	0.102027
0.00400453	0.105053	0.104906
0.00370682	0.108489	0.107559
0.00334296	0.11115	0.11108
0.00294797	0.115169	0.115306
0.00263647	0.118453	0.118988
0.00238442	0.121782	0.122236
0.0020931	0.126648	0.126351
0.00168676	0.132979	0.132929
0.00122018	0.142418	0.142345
