Ne averages over 40 independent estimates.
Generation	Geometric_mean
1	102.025
2	102.025
3	102.025
4	102.025
5	1032.71
6	1032.71
7	1032.71
8	1032.71
9	1061.44
10	1055.22
11	1055.52
12	1054.88
13	1118.41
14	1136.19
15	1149.53
16	1145.22
17	1132.21
18	1148.95
19	1153.13
20	1146.95
21	1137.53
22	1130.91
23	1125.84
24	1113.7
25	1104.11
26	1106.32
27	1095.51
28	1099.72
29	1109.52
30	1105.06
31	1098
32	1069.8
33	1060.18
34	1053.86
35	1035.76
36	1039.93
37	1032.11
38	1032.78
39	1030.63
40	1029.38
41	1027.76
42	1027.47
43	1021.65
44	1016.52
45	1015.6
46	988.798
47	950.394
48	943.698
49	922.662
50	913.038
51	905.633
52	912.72
53	908.004
54	917.255
55	915.501
56	910.106
57	907.442
58	906.735
59	911.617
60	908.174
61	918.6
62	925.505
63	934.771
64	948.341
65	950.349
66	964.433
67	970.65
68	982.177
69	978.8
70	984.427
71	996.836
72	1008.84
73	1021.35
74	1030.85
75	1042.63
76	1037.01
77	1028.77
78	1021.84
79	1012.6
80	1007.26
81	1014.44
82	1012.37
83	1006.39
84	999.272
85	1005.04
86	1027.33
87	1051.19
88	1051.72
89	1063.04
90	1042.46
91	1025.97
92	1023.72
93	1023.01
94	1020.97
95	1010.99
96	1009.64
97	1013.35
98	1007.01
99	985.521
100	972.021
101	960.819
102	965.411
103	986.146
104	991.51
105	990.84
106	997.912
107	993.904
108	989.111
109	982.665
110	978.938
111	972.047
112	981.918
113	985.342
114	985.939
115	994.895
116	996.365
117	1010.32
118	1022.35
119	1026.04
120	1024.73
121	1019.59
122	1017.41
123	1027.91
124	1028.17
125	1025.63
126	1043.25
127	1049.11
128	1070.08
129	1093.78
130	1096.02
131	1094.1
132	1085.54
133	1091.77
134	1090.34
135	1099.6
136	1100.48
137	1089.84
138	1095.91
139	1107.91
140	1098.72
141	1111.28
142	1108.32
143	1108.1
144	1115.99
145	1132.02
146	1137.62
147	1152.05
148	1140.2
149	1148.88
150	1150.63
151	1133.49
152	1132.34
153	1135.92
154	1162.55
155	1183.25
156	1184.28
157	1185.58
158	1186.88
159	1172.89
160	1172.8
161	1175.64
162	1185.42
163	1192.7
164	1190.59
165	1187.48
166	1186.98
167	1170.55
168	1149.19
169	1132.68
170	1126.46
171	1162.81
172	1229.65
173	1268.06
174	1370.08
175	1582.43
176	1669.97
177	1871.22
178	2265.42
179	3188.88
180	4038.96
181	5183.92
182	5786.99
183	6629.62
184	7735.83
185	8541.41
186	9829
187	11489.3
188	12175.5
189	12440.2
190	12376.4
191	12370.4
192	12302.1
193	12298.1
194	12266.2
195	12193.2
196	12185.4
197	12103.3
198	11970.9
199	11864.5
200	11872.7
201	11850.5
202	11935.9
203	12047.2
204	12247.6
205	12408.4
206	12397.7
207	12543
208	12723.6
209	12789.8
210	12929
211	13020.9
212	13020.6
213	13069.4
214	13080.9
215	12907.9
216	12918.9
217	12829.7
218	12781
219	12730.9
220	12621.2
221	12578.9
222	12575.6
223	12522.1
224	12148.9
225	11714.3
226	11291.8
227	11139.1
228	11128.3
229	11030.3
230	10738
231	10547.1
232	10492.7
233	10272.8
234	10337.6
235	10412
236	10429.8
237	10121.2
238	9846.2
239	9640.75
240	9574.78
241	9484.58
242	9504.46
243	9496.46
244	9504.64
245	9496.81
246	9500.95
247	9499
248	9525.57
249	9526.39
250	9536.57
251	9521.01
252	9531.22
253	9556.93
254	9589.44
255	9580.51
256	9579.23
257	9545.38
258	9535.91
259	9525.04
260	9494.2
261	9484.41
262	9487.3
263	9490.61
264	9486.49
265	9485.45
266	9487.07
267	9484.34
268	9490.24
269	9495.04
270	9495.04
271	9501.29
272	9508.17
273	9508.17
274	9512.39
275	9513.43
276	9531.91
277	9542.48
278	9563.5
279	9563.25
280	9574.71
281	9578.06
282	9593.74
283	9571.25
284	9528.16
285	9430.91
286	9411.76
287	9398.49
288	9383.84
289	9373.11
290	9365.95
291	9385.77
292	9400.63
293	9394.15
294	9378.36
295	9349.56
296	9323.93
297	9302.98
298	9294.58
299	9303.48
300	9308.11
301	9311.67
302	9324.15
303	9327.89
304	9330.98
305	9330.98
306	9330.98
307	9330.98
308	9329.2
309	9334.26
310	9334.75
311	9334.75
312	9348.54
313	9355.35
314	9364.44
315	9364.44
316	9363.3
317	9361.89
318	9357.64
319	9354.37
320	9349.63
321	9339.11
322	9329.14
323	9334.33
324	9358.9
325	9394.38
326	9395.76
327	9405.45
328	9410.24
329	9402.1
330	9403.91
331	9408.31
332	9398.24
333	9386.78
334	9376.74
335	9370.14
336	9359.06
337	9335.66
338	9338.98
339	9330.94
340	9334.24
341	9321.38
342	9285.88
343	9264.34
344	9264.08
345	9258.85
346	9259.52
347	9265.9
348	9266.38
349	9266.38
350	9265.54
351	9265.52
352	9267.27
353	9263.35
354	9263.35
355	9263.35
356	9263.35
357	9263.35
358	9263.35
359	9263.35
360	9263.35
361	9266.11
362	9266.11
363	9266.11
364	9266.11
365	9264.97
366	9263.6
367	9263.24
368	9262.38
369	9261.64
370	9261.64
371	9259.32
372	9283.7
373	9279.56
374	9289.19
375	9289.19
376	9360.64
377	9363.7
378	9377.29
379	9376.85
380	9401.79
381	9405.31
382	9417.32
383	9448.6
384	9460
385	9461.94
386	9428.7
387	9428.19
388	9423.91
389	9411.68
390	9426.3
391	9459.41
392	9488.28
393	9493.7
394	9473.9
395	9468.54
396	9460.33
397	9460.7
398	9468.08
399	9473.23
400	9473.33
401	9472.82
402	9478.05
403	9490.37
404	9501.81
405	9501.79
406	9530.76
407	9544.92
408	9556.92
409	9639.27
410	9641.19
411	9667.46
412	9671.72
413	9675.78
414	9676.85
415	9678.8
416	9684.94
417	9689.61
418	9685.28
419	9683.48
420	9672.22
421	9672.22
422	9665.09
423	9660.99
424	9663.98
425	9678.39
426	9680.22
427	9682.1
428	9680.65
429	9704.96
430	9731.74
431	9742.78
432	9768.7
433	9765.25
434	9780.24
435	9782.32
436	9764.62
437	9748.88
438	9745.76
439	9730.84
440	9728.97
441	9748.08
442	9752.37
443	9741.76
444	9743.1
445	9748.66
446	9763.33
447	9765.04
448	9765.56
449	9764.48
450	9782.48
451	9782.48
452	9787.82
453	9812.46
454	9824.77
455	9837.36
456	9855.81
457	9855.81
458	9861.63
459	9867.91
460	9867.17
461	9867.26
462	9832.66
463	9778.74
464	9753.3
465	9737.63
466	9708.91
467	9702.31
468	9673.01
469	9672.96
470	9668.4
471	9668.6
472	9665.75
473	9663.06
474	9659.42
475	9664.59
476	9664.59
477	9664.59
478	9659.7
479	9654.74
480	9656.83
481	9656.83
482	9656.83
483	9656.83
484	9656.83
485	9656.83
486	9656.83
487	9656.83
488	9656.83
489	9656.83
490	9656.83
491	9656.83
492	9656.83
493	9656.83
494	9656.83
495	9656.83
496	9656.83
497	9656.83
498	9656.83
499	9656.83
500	9656.83
501	9656.83
502	9656.83
503	9656.83
504	9656.83
505	9656.83
506	9656.83
507	9656.83
508	9656.83
509	9656.83
510	9656.83
511	9656.83
512	9656.83
513	9656.83
514	9656.83
515	9656.83
516	9656.83
517	9656.83
518	9656.83
519	9656.83
520	9656.83
521	9656.83
522	9656.83
523	9656.83
524	9656.83
525	9656.83
526	9656.83
527	9656.83
528	9656.83
529	9656.83
530	9656.83
531	9656.83
532	9656.83
533	9656.83
534	9656.83
535	9656.83
536	9656.83
537	9656.83
538	9656.83
539	9656.83
540	9656.83
541	9656.83
542	9656.83
543	9656.83
544	9656.83
545	9656.83
546	9656.83
547	9656.83
548	9656.83
549	9656.83
550	9656.83
551	9656.83
552	9656.83
553	9656.83
554	9656.83
555	9656.83
556	9656.83
557	9656.83
558	9656.83
559	9656.83
560	9656.83
561	9656.83
562	9656.83
563	9656.83
564	9656.83
565	9656.83
566	9656.83
567	9656.83
568	9656.83
569	9656.83
570	9656.83
571	9656.83
572	9656.83
573	9656.83
574	9656.83
575	9656.83
576	9656.83
577	9656.83
578	9656.83
579	9656.83
580	9656.83
581	9656.83
582	9656.83
583	9656.83
584	9656.83
585	9656.83
586	9656.83
587	9656.83
588	9656.83
589	9656.83
590	9656.83
591	9656.83
592	9656.83
593	9656.83
594	9656.83
595	9656.83
596	9656.83
597	9656.83
598	9656.83
599	9656.83
600	9656.83
601	9656.83
602	9656.83
603	9656.83
604	9656.83
605	9656.83
606	9656.83
607	9656.83
608	9656.83
609	9656.83
610	9656.83
611	9656.83
612	9656.83
613	9656.83
614	9656.83
615	9656.83
616	9656.83
617	9656.83
618	9656.83
619	9656.83
620	9656.83
621	9656.83
622	9656.83
623	9656.83
624	9656.83
625	9656.83
626	9656.83
627	9656.83
628	9656.83
629	9656.83
630	9656.83
631	9656.83
632	9656.83
633	9656.83
634	9656.83
635	9656.83
636	9656.83
637	9656.83
638	9656.83
639	9656.83
640	9656.83
641	9656.83
642	9656.83
643	9656.83
644	9656.83
645	9656.83
646	9656.83
647	9656.83
648	9656.83
649	9656.83
650	9656.83
651	9656.83
652	9656.83
653	9656.83
654	9656.83
655	9656.83
656	9656.83
657	9656.83
658	9656.83
659	9656.83
660	9656.83
661	9656.83
662	9656.83
663	9656.83
664	9656.83
665	9656.83
666	9656.83
667	9656.83
668	9656.83
669	9656.83
670	9656.83
671	9656.83
672	9656.83
673	9656.83
674	9656.83
675	9656.83
676	9676.65
