Ne averages over 40 independent estimates.
Generation	Geometric_mean
1	127.506
2	127.506
3	127.506
4	127.506
5	1441.74
6	1441.74
7	1441.74
8	1441.74
9	1460.46
10	1492.72
11	1498.3
12	1501.08
13	1620.2
14	1666.13
15	1665.33
16	1663.93
17	1687.86
18	1714.19
19	1713.34
20	1696.61
21	1689.86
22	1665.76
23	1657.81
24	1664.22
25	1661.4
26	1667.58
27	1684.05
28	1694.74
29	1682.9
30	1685.24
31	1696.56
32	1735.74
33	1735.85
34	1710.16
35	1694.7
36	1685.37
37	1681.36
38	1674.24
39	1657.58
40	1632.98
41	1593.18
42	1548.68
43	1537.75
44	1512.98
45	1491.02
46	1451.6
47	1418.63
48	1385.22
49	1372.93
50	1377.2
51	1359.09
52	1309.21
53	1279.6
54	1269.91
55	1263.56
56	1200.07
57	1150.59
58	1095.04
59	1083.64
60	1037.85
61	985.697
62	938.946
63	875.682
64	861.935
65	832.53
66	810.955
67	791.999
68	792.615
69	782.625
70	777.848
71	754.162
72	752.353
73	742.766
74	741.608
75	751.131
76	760.665
77	756.062
78	749.145
79	740.95
80	734.964
81	726.093
82	723.643
83	719.934
84	713.214
85	708.256
86	703.94
87	695.691
88	693.594
89	689.079
90	695.353
91	699.307
92	703.51
93	703.479
94	716.538
95	728.969
96	731.617
97	736.799
98	753.41
99	751.5
100	751.184
101	734.476
102	717.115
103	699.517
104	681.507
105	675.491
106	677.945
107	704.263
108	719.122
109	734.785
110	736.985
111	739.843
112	739.193
113	755.716
114	767.199
115	770.045
116	773.452
117	784.068
118	795.806
119	819.528
120	823.143
121	821.449
122	812.669
123	815.375
124	817.922
125	818.658
126	821.113
127	821.848
128	825.319
129	835.945
130	848.469
131	870.439
132	911.854
133	922.451
134	921.926
135	929.724
136	921.844
137	926.115
138	947.503
139	965.605
140	1000.62
141	1024.01
142	1081.86
143	1106.68
144	1124.09
145	1134.61
146	1169.82
147	1203.15
148	1241.58
149	1294.71
150	1366.45
151	1615.42
152	1826.28
153	2064.03
154	2329.94
155	3035.87
156	3482.19
157	4164.67
158	5271.49
159	6528.86
160	7955.51
161	9182.82
162	10137
163	11227.7
164	11509.4
165	12460.5
166	13438.7
167	14171.4
168	14947.8
169	15138
170	15162.3
171	15428.9
172	15487.4
173	15698.8
174	15799.1
175	15804.9
176	15874.3
177	15977.5
178	16058.1
179	16109.1
180	16199
181	16292.1
182	16318.1
183	16365.9
184	16366.9
185	16394
186	16383.2
187	16450.6
188	16563.5
189	16719.1
190	16709.4
191	16682.4
192	16433.9
193	16339.8
194	16337.3
195	16124.9
196	16195.7
197	16166.2
198	16280.4
199	16402.4
200	16460
201	16492.6
202	16430.5
203	16450.9
204	16464.7
205	16431.5
206	16390.7
207	16277
208	16232.9
209	16223
210	16307.2
211	16276.4
212	16255.1
213	16231.8
214	16214.2
215	16292.3
216	16442.6
217	16614.9
218	16722.1
219	16757.6
220	16782
221	16633.9
222	16576.9
223	16521.2
224	16548.2
225	16564.3
226	16521.5
227	16467.2
228	16473.6
229	16472.1
230	16509.7
231	16507.2
232	16536.6
233	16747.1
234	16763.9
235	16702.1
236	16793.7
237	16821
238	16881.2
239	16883.1
240	16845.9
241	16847.2
242	16788.2
243	16879.3
244	16886.1
245	16958.7
246	16982.2
247	17009.6
248	17006.4
249	17018.9
250	17027.4
251	17026.5
252	17022.7
253	17091.1
254	17125.6
255	17122.2
256	17111.9
257	17100.6
258	17101
259	17106.5
260	17106.5
261	17115.9
262	17117.6
263	17114.1
264	17114.6
265	17111.6
266	17116.6
267	17179.6
268	17193.1
269	17257.6
270	17277.3
271	17276.8
272	17271
273	17278.3
274	17251.8
275	17247
276	17240.1
277	17252.7
278	17267.9
279	17276.9
280	17276.9
281	17271.2
282	17274.6
283	17285.7
284	17305.2
285	17327.6
286	17334.8
287	17364.8
288	17344.9
289	17350.1
290	17329.7
291	17333.7
292	17295.4
293	17233.4
294	17222.1
295	17217.7
296	17287.5
297	17293.5
298	17367.3
299	17415
300	17424.9
301	17443.5
302	17468.9
303	17458.4
304	17466.1
305	17444.3
306	17401.1
307	17401.1
308	17301.3
309	17342
310	17293.2
311	17263.6
312	17259.5
313	17230.8
314	17231.9
315	17217.5
316	17246.2
317	17267.6
318	17282.6
319	17285.7
320	17287.9
321	17271
322	17235.3
323	17208.8
324	17201.7
325	17175.9
326	17162.6
327	17149.4
328	17125.4
329	17139.8
330	17122.9
331	17133.8
332	17135.7
333	17141.6
334	17169.7
335	17163.8
336	17168.1
337	17166.7
338	17155.5
339	17111.1
340	17090.3
341	17092.3
342	17082.9
343	17082.9
344	17082.9
345	17079.6
346	17085.1
347	17074.4
348	17064.4
349	17052.7
350	17043.2
351	17028.9
352	17014.3
353	17011.2
354	17008.6
355	17011.2
356	17010.4
357	17013.8
358	17017.4
359	16991.5
360	16989.6
361	16989.6
362	16903.8
363	16903.8
364	16858.8
365	16741.8
366	16719.1
367	16673.2
368	16617.3
369	16592
370	16561
371	16548.8
372	16538.8
373	16487.4
374	16477
375	16329.3
376	16350.4
377	16210.3
378	15939.8
379	15551.7
380	15354.5
381	15226
382	15196.9
383	14863.4
384	14666.8
385	14609.3
386	14425.8
387	14422.2
388	14357
389	14351.9
390	14347.3
391	14336.6
392	14308.8
393	14299.4
394	14300.1
395	14283.2
396	14283.1
397	14283.4
398	14285.2
399	14283.6
400	14273.6
401	14276.9
402	14242.2
403	14231
404	14215.6
405	14223.8
406	14217.3
407	14201.9
408	14199.3
409	14181.2
410	14170.8
411	14155.3
412	14127.6
413	14055.8
414	14045.5
415	14017.6
416	13976.5
417	13948.1
418	13909.5
419	13879.5
420	13836.5
421	13743.6
422	13578.9
423	13430.8
424	13437
425	13445.5
426	13446.3
427	13447.2
428	13435.2
429	13426.7
430	13392.7
431	13360.1
432	13360.1
433	13345.7
434	13303.6
435	13267.4
436	13244.6
437	13249.5
438	13203.3
439	13121
440	13121
441	13121
442	13103.2
443	13097.9
444	13087.8
445	13078
446	13089.9
447	13088
448	13070.7
449	13064.6
450	13034.5
451	13008.4
452	13008.4
453	12964.1
454	12935.6
455	12935.6
456	12927.8
457	12910
458	12884.8
459	12853.7
460	12806.7
461	12792.1
462	12790.9
463	12802.8
464	12871.8
465	12864.8
466	12843
467	12813.6
468	12798.1
469	12798.1
470	12788.1
471	12773.7
472	12765.2
473	12738.4
474	12711.9
475	12698.7
476	12690.9
477	12690.9
478	12690.9
479	12694
480	12692.6
481	12688.1
482	12691.3
483	12693.3
484	12693.3
485	12693.3
486	12693.3
487	12693.3
488	12693.3
489	12693.3
490	12693.3
491	12693.3
492	12693.3
493	12693.3
494	12693.3
495	12693.3
496	12693.3
497	12693.3
498	12693.3
499	12693.3
500	12693.3
501	12552.4
502	12138.9
503	11608.7
504	11479.8
505	11352.3
506	11352.3
507	11352.3
508	11352.3
509	11352.3
510	11352.3
511	11352.3
512	11352.3
513	11352.3
514	11352.3
515	11352.3
516	11352.3
517	11352.3
518	11352.3
519	11352.3
520	11352.3
521	11352.3
522	11352.3
523	11352.3
524	11352.3
525	11352.3
526	11352.3
527	11352.3
528	11352.3
529	11352.3
530	11352.3
531	11352.3
532	11352.3
533	11352.3
534	11352.3
535	11352.3
536	11352.3
537	11352.3
538	11352.3
539	11352.3
540	11352.3
541	11352.3
542	11352.3
543	11352.3
544	11352.3
545	11352.3
546	11352.3
547	11352.3
548	11352.3
549	11352.3
550	11352.3
551	11352.3
552	11352.3
553	11352.3
554	11352.3
555	11352.3
556	11352.3
557	11352.3
558	11352.3
559	11352.3
560	11352.3
561	11352.3
562	11352.3
563	11352.3
564	11352.3
565	11352.3
566	11352.3
567	11352.3
568	11352.3
569	11352.3
570	11352.3
571	11352.3
572	11352.3
573	11352.3
574	11352.3
575	11352.3
576	11352.3
577	11352.3
578	11352.3
579	11352.3
580	11352.3
581	11352.3
582	11352.3
583	11352.3
584	11352.3
585	11352.3
586	11352.3
587	11352.3
588	11352.3
589	11352.3
590	11352.3
591	11352.3
592	11352.3
593	11352.3
594	11352.3
595	11352.3
596	11352.3
597	11352.3
598	11352.3
599	11352.3
600	11352.3
601	11352.3
602	11352.3
603	11352.3
604	11352.3
605	11352.3
606	11352.3
607	11352.3
608	11352.3
609	11352.3
610	11352.3
611	11352.3
612	11352.3
613	11352.3
614	11352.3
615	11352.3
616	11352.3
617	11352.3
618	11352.3
619	11352.3
620	11352.3
621	11352.3
622	11352.3
623	11352.3
624	11352.3
625	11352.3
626	11352.3
627	11352.3
628	11352.3
629	11352.3
630	11352.3
631	11352.3
632	11352.3
633	11352.3
634	11352.3
635	11352.3
636	11352.3
637	11352.3
638	11352.3
639	11352.3
640	11352.3
641	11352.3
642	11352.3
643	11352.3
644	11352.3
645	11352.3
646	11352.3
647	11352.3
648	11352.3
649	11352.3
650	11352.3
651	11352.3
652	11352.3
653	11352.3
654	11352.3
655	11352.3
656	11352.3
657	11352.3
658	11352.3
659	11352.3
660	11352.3
661	11352.3
662	11352.3
663	11352.3
664	11352.3
665	11352.3
666	11352.3
667	11352.3
668	11352.3
669	11352.3
670	11352.3
671	11352.3
672	11352.3
673	11352.3
674	11352.3
675	11352.3
676	11280.3
