Ne averages over 40 independent estimates.
Generation	Geometric_mean
1	149.889
2	149.889
3	149.889
4	149.889
5	253.706
6	259.523
7	263.084
8	263.084
9	922.248
10	1082.63
11	1121.07
12	1120.36
13	1163.59
14	1152.68
15	1138.51
16	1136.79
17	1115.99
18	1091.25
19	1097.42
20	1089.19
21	1094.05
22	1100.3
23	1090.43
24	1057.62
25	1040.02
26	1036.06
27	1061.2
28	1066.12
29	1069.45
30	1086.29
31	1091.16
32	1092.34
33	1095.22
34	1120.35
35	1123.47
36	1127.58
37	1138.38
38	1136.7
39	1137.91
40	1122.04
41	1117.63
42	1110.54
43	1108.43
44	1090.45
45	1072.4
46	1059.31
47	1046.16
48	1040.83
49	1034.07
50	1035.66
51	1040.58
52	1050.9
53	1068.84
54	1086.28
55	1074.97
56	1099.74
57	1113.33
58	1116.36
59	1111.32
60	1116.7
61	1106.41
62	1120.66
63	1131.73
64	1144.92
65	1146
66	1134.93
67	1126.58
68	1130.73
69	1137.28
70	1147.45
71	1163.58
72	1151.69
73	1157.79
74	1152.45
75	1137.23
76	1143.45
77	1182.47
78	1184.21
79	1177.75
80	1173.75
81	1163.26
82	1163.49
83	1185.92
84	1224.86
85	1277.46
86	1302.22
87	1312.06
88	1314.33
89	1311.98
90	1325.6
91	1324.24
92	1338.41
93	1366.01
94	1384.69
95	1388.25
96	1388
97	1383.27
98	1357.5
99	1339.2
100	1328.28
101	1336.19
102	1360.02
103	1355.14
104	1355.54
105	1353.55
106	1357.88
107	1366.45
108	1378
109	1382.76
110	1390.48
111	1404.4
112	1390.87
113	1374.14
114	1372.6
115	1380.7
116	1371.06
117	1364.03
118	1342.84
119	1341.75
120	1345.28
121	1330.36
122	1317.66
123	1305.93
124	1284.15
125	1279.31
126	1283.05
127	1288.09
128	1312.74
129	1317.73
130	1318.97
131	1318.89
132	1330.11
133	1331.91
134	1347.51
135	1343.7
136	1343.33
137	1329.45
138	1330.3
139	1334.71
140	1332.19
141	1344.71
142	1374.95
143	1390.8
144	1414.48
145	1433.79
146	1448.24
147	1461.78
148	1465.58
149	1464.6
150	1460.08
151	1461.48
152	1458.29
153	1449.67
154	1455.97
155	1471.79
156	1473.07
157	1472.54
158	1470.81
159	1476.9
160	1487.21
161	1498.11
162	1497.4
163	1506.75
164	1500.59
165	1501.36
166	1487.23
167	1491.06
168	1491.45
169	1488.81
170	1489.84
171	1493.91
172	1478.07
173	1466.9
174	1454.21
175	1429.53
176	1425.89
177	1403.98
178	1376.9
179	1363.23
180	1340.1
181	1339.74
182	1328.39
183	1318.04
184	1312.76
185	1318.8
186	1325.59
187	1331.47
188	1326.16
189	1322.54
190	1334.76
191	1338.61
192	1354.07
193	1371.28
194	1386.42
195	1433.12
196	1448.52
197	1457.23
198	1598.91
199	1680.82
200	1772.25
201	1871.85
202	1995.27
203	2089.13
204	2262.45
205	2552.85
206	2826.28
207	3004.24
208	3070.93
209	3395.41
210	3747.81
211	4122.4
212	4361.26
213	4754.37
214	5280.77
215	5713.78
216	5907.61
217	6086.66
218	6320.52
219	6522.16
220	6659.01
221	6805.57
222	6938.58
223	7301.75
224	7609.59
225	7862.83
226	8138.87
227	8383.94
228	8478.76
229	8520.45
230	8718.42
231	8727.84
232	8678.73
233	8666.25
234	8673.37
235	8680.06
236	8665.57
237	8684.3
238	8714.54
239	8693.64
240	8719.28
241	8751.07
242	8751.71
243	8712.89
244	8687.7
245	8695.29
246	8692.12
247	8692.12
248	8661.27
249	8647.9
250	8633.52
251	8624.66
252	8628.4
253	8634.8
254	8637.79
255	8633.77
256	8632.86
257	8624.88
258	8615.92
259	8605.23
260	8583.96
261	8579.52
262	8573.86
263	8577.39
264	8583.19
265	8592.74
266	8595.51
267	8601.07
268	8603.5
269	8608.49
270	8608.49
271	8608.49
272	8608.42
273	8617.26
274	8617.26
275	8617.26
276	8622.53
277	8625.67
278	8631.15
279	8671.68
280	8691.38
281	8793.86
282	8838.14
283	8829.65
284	8840.66
285	8831.9
286	8823.04
287	8835.75
288	8820.51
289	8818.41
290	8810.37
291	8807.13
292	8820.31
293	8703.25
294	8330.49
295	7850.46
296	7635.4
297	7635.28
298	7598.94
299	7598.93
300	7597.68
301	7595.52
302	7595.52
303	7553.91
304	7529.36
305	7533.51
306	7542.04
307	7523.48
308	7529.27
309	7542.3
310	7524.56
311	7479.81
312	7416.6
313	7402.07
314	7390.64
315	7388.31
316	7392.7
317	7400.62
318	7419.26
319	7442.38
320	7502.09
321	7541.54
322	7557.68
323	7595.4
324	7413.88
325	7136.29
326	7043.4
327	7030.13
328	6996.51
329	6915.41
330	6673.95
331	6301.98
332	6062.58
333	5799.64
334	5648.73
335	5686.39
336	5566.74
337	5485.28
338	5335.2
339	5332.21
340	5350.64
341	5313.91
342	5214.34
343	5164.02
344	5150.59
345	5030.72
346	4982.86
347	4709.96
348	4623.36
349	4552.19
350	4512.4
351	4471.5
352	4472.45
353	4473.54
354	4473.54
355	4474.91
356	4474.91
357	4484.9
358	4493.2
359	4502.77
360	4511.76
361	4519.86
362	4524.35
363	4529.45
364	4533.3
365	4533.3
366	4540.54
367	4539.74
368	4540.53
369	4539.73
370	4543.44
371	4548.51
372	4548.51
373	4550.7
374	4552.95
375	4559.31
376	4556.87
377	4557.57
378	4557.79
379	4557.72
380	4556.29
381	4553.95
382	4551.58
383	4537.33
384	4533.43
385	4531.02
386	4526.97
387	4525.51
388	4534.65
389	4534.65
390	4534.92
391	4535.54
392	4535.54
393	4535.92
394	4536.87
395	4541.3
396	4541.3
397	4541.3
398	4537.46
399	4544.3
400	4545.03
401	4550.63
402	4553.09
403	4548.87
404	4550.61
405	4549.61
406	4545.46
407	4542.89
408	4534.08
409	4530.64
410	4530.64
411	4528.56
412	4526.5
413	4526.12
414	4525.05
415	4525.54
416	4525.63
417	4525.99
418	4503.21
419	4479.58
420	4465.18
421	4402.53
422	4409.39
423	4392.93
424	4337.82
425	4340.09
426	4342.23
427	4340.84
428	4340.88
429	4336.93
430	4333.91
431	4316.14
432	4316.14
433	4308.72
434	4300.67
435	4299.37
436	4294.13
437	4288.7
438	4271.87
439	4268.36
440	4267.81
441	4267.81
442	4267.81
443	4263.61
444	4259.62
445	4246.99
446	4243.76
447	4239.97
448	4238.15
449	4237
450	4233.37
451	4234.83
452	4234.29
453	4235.7
454	4235.7
455	4235.7
456	4242.29
457	4249.47
458	4251.89
459	4261.32
460	4263.36
461	4263.5
462	4262.69
463	4257.91
464	4256.38
465	4250.76
466	4246.72
467	4238.29
468	4236.44
469	4233.62
470	4225.83
471	4207.74
472	4195.15
473	4195.15
474	4196.93
475	4198.3
476	4196.74
477	4199.56
478	4197.51
479	4196.84
480	4194.8
481	4194.8
482	4194.8
483	4194.8
484	4194.8
485	4194.8
486	4194.8
487	4194.8
488	4194.8
489	4194.8
490	4194.8
491	4194.8
492	4194.8
493	4194.8
494	4194.8
495	4194.8
496	4194.8
497	4194.8
498	4194.8
499	4194.8
500	4194.8
501	4194.8
502	4194.8
503	4194.8
504	4194.8
505	4194.8
506	4194.8
507	4194.8
508	4194.8
509	4194.8
510	4194.8
511	4194.8
512	4194.8
513	4194.8
514	4194.8
515	4194.8
516	4194.8
517	4194.8
518	4194.8
519	4194.8
520	4194.8
521	4194.8
522	4194.8
523	4194.8
524	4194.8
525	4194.8
526	4194.8
527	4194.8
528	4194.8
529	4194.8
530	4194.8
531	4194.8
532	4194.8
533	4194.8
534	4194.8
535	4194.8
536	4194.8
537	4194.8
538	4194.8
539	4194.8
540	4194.8
541	4194.8
542	4194.8
543	4194.8
544	4194.8
545	4194.8
546	4194.8
547	4194.8
548	4194.8
549	4194.8
550	4194.8
551	4194.8
552	4194.8
553	4194.8
554	4194.8
555	4194.8
556	4194.8
557	4194.8
558	4194.8
559	4194.8
560	4194.8
561	4194.8
562	4194.8
563	4194.8
564	4194.8
565	4194.8
566	4194.8
567	4194.8
568	4194.8
569	4194.8
570	4194.8
571	4194.8
572	4194.8
573	4194.8
574	4194.8
575	4194.8
576	4194.8
577	4194.8
578	4194.8
579	4194.8
580	4194.8
581	4194.8
582	4194.8
583	4194.8
584	4194.8
585	4194.8
586	4194.8
587	4194.8
588	4194.8
589	4194.8
590	4194.8
591	4194.8
592	4194.8
593	4194.8
594	4194.8
595	4194.8
596	4194.8
597	4194.8
598	4194.8
599	4194.8
600	4194.8
601	4194.8
602	4194.8
603	4194.8
604	4194.8
605	4194.8
606	4194.8
607	4194.8
608	4194.8
609	4194.8
610	4194.8
611	4194.8
612	4194.8
613	4194.8
614	4194.8
615	4194.8
616	4194.8
617	4194.8
618	4194.8
619	4194.8
620	4194.8
621	4194.8
622	4194.8
623	4194.8
624	4194.8
625	4194.8
626	4194.8
627	4194.8
628	4194.8
629	4194.8
630	4194.8
631	4194.8
632	4194.8
633	4194.8
634	4194.8
635	4194.8
636	4194.8
637	4194.8
638	4194.8
639	4194.8
640	4194.8
641	4194.8
642	4194.8
643	4194.8
644	4194.8
645	4194.8
646	4194.8
647	4194.8
648	4194.8
649	4194.8
650	4194.8
651	4194.8
652	4194.8
653	4194.8
654	4194.8
655	4194.8
656	4194.8
657	4194.8
658	4194.8
659	4194.8
660	4194.8
661	4194.8
662	4194.8
663	4194.8
664	4194.8
665	4194.8
666	4194.8
667	4194.8
668	4194.8
669	4194.8
670	4194.8
671	4194.8
672	4194.8
673	4194.8
674	4194.8
675	4194.8
676	4194.8
677	4194.8
678	4194.8
679	4194.8
680	4194.8
681	4194.8
682	4194.8
683	4194.8
684	4194.8
685	4194.8
686	4194.8
687	4194.8
688	4194.8
689	4194.8
690	4194.8
691	4194.8
692	4194.8
693	4194.8
694	4194.8
695	4194.8
696	4194.8
697	4194.8
698	4194.8
699	4194.8
700	4194.8
701	4194.8
702	4194.8
703	4194.8
704	4194.8
705	4194.8
706	4194.8
707	4194.8
708	4194.8
709	4194.8
710	4194.8
711	4194.8
712	4194.8
713	4194.8
714	4194.8
715	4194.8
716	4194.8
717	4194.8
718	4194.8
719	4194.8
720	4194.8
721	4194.8
722	4194.8
723	4194.8
724	4194.8
725	4194.8
726	4194.8
727	4194.8
728	4194.8
729	4194.8
730	4194.8
731	4194.8
732	4194.8
733	4194.8
734	4194.8
735	4194.8
736	4194.8
737	4194.8
738	4194.8
739	4194.8
740	4194.8
741	4194.8
742	4194.8
743	4194.8
744	4194.8
745	4194.8
746	4194.8
747	4194.8
748	4194.8
749	4194.8
750	4194.8
751	4194.8
752	4194.8
753	4194.8
754	4194.8
755	4140.98
