Sample d2 values. Average (d2obs-d2prd)^2 = 1.60321e-07
rec.rate_c	observed_d2	adjusted_d2
0.0411	0.047518	0.0473724
0.028966	0.050878	0.0512854
0.022407	0.054706	0.0547221
0.018282	0.058211	0.0579182
0.015445	0.061357	0.0609575
0.013373	0.064042	0.0638726
0.011792	0.066532	0.0666771
0.010546	0.068837	0.069374
0.009538	0.072007	0.0719665
0.008707	0.07433	0.0744515
0.008009	0.077277	0.0768351
0.007414	0.079055	0.0791212
0.006902	0.081045	0.0813073
0.006456	0.083525	0.0834011
0.006064	0.084926	0.0854066
0.005717	0.086809	0.0873264
0.005408	0.08857	0.0891629
0.00513	0.090991	0.0909278
0.00488	0.092572	0.0926146
0.004653	0.094871	0.0942352
0.00435358	0.097206	0.0965148
0.00400474	0.100069	0.0993977
0.00370676	0.102285	0.102079
0.00334295	0.106175	0.105669
0.00294787	0.109916	0.110034
0.00263657	0.113587	0.113887
0.00238432	0.116421	0.117335
0.00209293	0.121411	0.121768
0.00168668	0.129426	0.129021
0.00122013	0.139977	0.139831
