Sample d2 values. Average (d2obs-d2prd)^2 = 1.57626e-07
rec.rate_c	observed_d2	adjusted_d2
0.041101	0.045301	0.0451179
0.028964	0.04805	0.0479906
0.022408	0.050368	0.0506689
0.018282	0.053269	0.0533381
0.015445	0.056092	0.0560108
0.013373	0.058497	0.0586651
0.011792	0.061239	0.0612765
0.010546	0.06409	0.0638231
0.009539	0.06622	0.0662895
0.008707	0.068795	0.0686706
0.008008	0.070795	0.0709617
0.007414	0.073139	0.0731551
0.006902	0.075188	0.0752566
0.006456	0.077713	0.0772691
0.006064	0.07965	0.0791959
0.005717	0.080367	0.0810393
0.005408	0.082956	0.0828015
0.005131	0.08479	0.0844876
0.00488	0.085874	0.0861104
0.004653	0.087122	0.0876628
0.004446	0.089262	0.0891543
0.004257	0.090447	0.0905844
0.004083	0.091957	0.091963
0.003923	0.09401	0.0932869
0.003774	0.09484	0.0945716
0.003637	0.095302	0.0958
0.00345056	0.0973357	0.0975495
0.00322788	0.100322	0.0997677
0.00303219	0.100729	0.101845
0.00285867	0.103498	0.1038
0.0026366	0.107146	0.106475
0.00238433	0.110396	0.109788
0.00217649	0.112458	0.112779
0.00200195	0.116011	0.115509
0.00179182	0.118972	0.119118
0.00156668	0.123314	0.123481
0.00132557	0.12832	0.12893
0.00109248	0.1358	0.135333
