TOTAL NUMBER OF SNPs
61635


CHROMOSOME 1
 NIND(real sample)=51
 NSNP=31196
 NSNP_calculations=31195
 NSNP_+2alleles=0
 NSNP_zeroes=0
 NSNP_monomorphic=1
 NIND_corrected=51.000000
 freq_MAF=0.009804
 F_dev_HW=0.150555
 G_var_bet_ind=0.575277
 Genetic distances available in map file

CHROMOSOME 2
 NIND(real sample)=51
 NSNP=30443
 NSNP_calculations=30440
 NSNP_+2alleles=0
 NSNP_zeroes=0
 NSNP_monomorphic=3
 NIND_corrected=51.000000
 freq_MAF=0.009804
 F_dev_HW=0.193206
 G_var_bet_ind=0.596603
 Genetic distances available in map file



INPUT FOR GONE


2       Phase (0: pseudohaploids; 1: known phase; 2: unknown phase)
51.000000       sample size (individuals; corrected for zeroes)
0.171619       Hardy-Weinberg deviation
89881009 0.272782 0.040028 2
392349515 0.176675 0.042906 4
152798437 0.102652 0.044615 6
77851386 0.072397 0.046964 8
47066085 0.056010 0.048715 10
63081576 0.041100 0.051016 15
31708537 0.028964 0.054369 20
19019213 0.022408 0.058828 25
12671535 0.018282 0.063091 30
9034195 0.015445 0.066074 35
6777519 0.013373 0.068984 40
5281839 0.011792 0.072215 45
4220587 0.010546 0.075057 50
3453750 0.009538 0.077728 55
2875082 0.008707 0.080471 60
2438724 0.008008 0.082740 65
2089836 0.007414 0.085738 70
1810725 0.006902 0.088469 75
1585978 0.006456 0.089804 80
1399769 0.006064 0.092408 85
1244723 0.005718 0.094704 90
1113265 0.005408 0.095774 95
1002499 0.005130 0.097461 100
903445 0.004880 0.099551 105
823653 0.004653 0.101547 110
751941 0.004446 0.104024 115
689187 0.004257 0.105165 120
634284 0.004083 0.106692 125
585538 0.003923 0.108264 130
543386 0.003774 0.109879 135
503938 0.003637 0.111124 140
468958 0.003509 0.112116 145
437871 0.003390 0.115205 150
410273 0.003279 0.115081 155
382843 0.003175 0.117448 160
359962 0.003077 0.117569 165
339665 0.002986 0.118576 170
320446 0.002899 0.118238 175
301796 0.002817 0.120075 180
286547 0.002740 0.121611 185
271422 0.002667 0.121450 190
257843 0.002598 0.122482 195
244736 0.002532 0.124597 200
232919 0.002469 0.124684 205
221883 0.002410 0.126651 210
210738 0.002353 0.127317 215
201708 0.002299 0.128548 220
192940 0.002247 0.128990 225
185147 0.002198 0.128844 230
176535 0.002151 0.130423 235
168364 0.002105 0.131885 240
162325 0.002062 0.132823 245
155881 0.002020 0.131722 250
150398 0.001980 0.134092 255
143533 0.001942 0.133904 260
138440 0.001905 0.133295 265
132995 0.001869 0.139423 270
128459 0.001835 0.138541 275
124270 0.001802 0.135715 280
119260 0.001770 0.137414 285
115551 0.001739 0.138884 290
111738 0.001710 0.138590 295
107834 0.001681 0.142267 300
103754 0.001653 0.139067 305
100792 0.001626 0.143014 310
96498 0.001600 0.141017 315
94835 0.001575 0.139587 320
91814 0.001550 0.142422 325
89199 0.001527 0.142490 330
86538 0.001504 0.145564 335
84144 0.001482 0.148558 340
81404 0.001460 0.145085 345
78756 0.001439 0.144493 350
76551 0.001419 0.146946 355
74957 0.001399 0.147184 360
71983 0.001379 0.148240 365
70310 0.001361 0.146631 370
68448 0.001342 0.147598 375
66712 0.001325 0.149246 380
64985 0.001307 0.151004 385
63468 0.001290 0.149753 390
62049 0.001274 0.151170 395
60460 0.001258 0.150982 400
58710 0.001242 0.149587 405
57096 0.001227 0.148354 410
55938 0.001212 0.149795 415
54765 0.001198 0.159476 420
53508 0.001183 0.153845 425
52028 0.001170 0.151654 430
50772 0.001156 0.152975 435
49963 0.001143 0.151685 440
48548 0.001130 0.151503 445
47287 0.001117 0.154812 450
46500 0.001105 0.153273 455
45638 0.001093 0.152851 460
44479 0.001081 0.153091 465
43680 0.001070 0.159109 470
42231 0.001058 0.154827 475
42287 0.001047 0.155418 480
40886 0.001036 0.155190 485
40103 0.001026 0.159510 490
39215 0.001015 0.159743 495
38691 0.001005 0.158260 500
37513 0.000995 0.161390 505
37215 0.000985 0.155557 510
36410 0.000976 0.162545 515
35466 0.000966 0.158683 520
35027 0.000957 0.162528 525
34369 0.000948 0.161128 530
33833 0.000939 0.158361 535
33129 0.000930 0.163660 540
32736 0.000922 0.161809 545
31600 0.000913 0.157675 550
31538 0.000905 0.162095 555
30779 0.000897 0.157209 560
30261 0.000889 0.160947 565
30240 0.000881 0.160818 570
29152 0.000873 0.162419 575
28837 0.000866 0.165698 580
28188 0.000858 0.163419 585
27806 0.000851 0.168091 590
26941 0.000844 0.169767 595
26683 0.000837 0.164517 600
26191 0.000830 0.165621 605
26022 0.000823 0.167045 610
25460 0.000816 0.167833 615
25035 0.000810 0.161503 620
24622 0.000803 0.169270 625
24035 0.000797 0.166905 630
23815 0.000791 0.171607 635
23714 0.000784 0.171529 640
23330 0.000778 0.167199 645
22748 0.000772 0.162008 650
22314 0.000766 0.164570 655
22089 0.000761 0.169437 660
21866 0.000755 0.175467 665
21429 0.000749 0.175209 670
21073 0.000744 0.169467 675
20871 0.000738 0.164409 680
20232 0.000733 0.171584 685
20309 0.000727 0.168453 690
20075 0.000722 0.171974 695
19719 0.000717 0.170278 700
19463 0.000712 0.171634 705
19129 0.000707 0.168014 710
18952 0.000702 0.171549 715
18657 0.000697 0.170492 720
18125 0.000692 0.178761 725
18152 0.000687 0.168894 730
17780 0.000683 0.172163 735
17532 0.000678 0.173850 740
17237 0.000673 0.175721 745
17212 0.000669 0.176136 750
16875 0.000664 0.178767 755
16811 0.000660 0.172793 760
16461 0.000656 0.171353 765
16251 0.000651 0.176020 770
16204 0.000647 0.179552 775
15835 0.000643 0.174942 780
15692 0.000639 0.169402 785
15507 0.000635 0.172925 790
15462 0.000631 0.171473 795
15076 0.000627 0.172251 800
14766 0.000623 0.180342 805
14742 0.000619 0.178603 810
14513 0.000615 0.173664 815
14328 0.000612 0.177084 820
14312 0.000608 0.176680 825
13911 0.000604 0.177658 830
14039 0.000601 0.181339 835
13561 0.000597 0.178534 840
13463 0.000593 0.179457 845
13197 0.000590 0.176113 850
13223 0.000587 0.186137 855
12872 0.000583 0.185783 860
12895 0.000580 0.184435 865
12733 0.000576 0.180317 870
12541 0.000573 0.187218 875
12466 0.000570 0.172230 880
12189 0.000567 0.183795 885
12339 0.000563 0.173093 890
12081 0.000560 0.191076 895
11864 0.000557 0.178019 900
11755 0.000554 0.185542 905
11759 0.000551 0.184515 910
11534 0.000548 0.188266 915
11286 0.000545 0.186784 920
11328 0.000542 0.183596 925
11048 0.000539 0.190807 930
10946 0.000536 0.181468 935
10905 0.000533 0.179677 940
10893 0.000530 0.187381 945
10832 0.000528 0.184035 950
10430 0.000525 0.180271 955
10462 0.000522 0.180542 960
10385 0.000519 0.183225 965
10449 0.000517 0.184256 970
10247 0.000514 0.176172 975
10137 0.000512 0.190059 980
9885 0.000509 0.178782 985
9826 0.000506 0.188526 990
9740 0.000504 0.196280 995
9512 0.000501 0.189992 1000
9466 0.000499 0.185466 1005
9359 0.000496 0.178636 1010
9386 0.000494 0.185802 1015
9393 0.000491 0.190783 1020
8982 0.000489 0.180070 1025
9027 0.000487 0.175624 1030
9033 0.000484 0.185225 1035
8911 0.000482 0.193922 1040
8883 0.000480 0.201170 1045
8633 0.000477 0.208266 1050
8774 0.000475 0.193489 1055
8558 0.000473 0.195202 1060
8297 0.000471 0.188965 1065
8563 0.000468 0.189721 1070
8120 0.000466 0.189783 1075
8131 0.000464 0.201963 1080
8249 0.000462 0.184012 1085
8140 0.000460 0.188153 1090
8049 0.000458 0.199163 1095
7963 0.000456 0.191495 1100
7928 0.000454 0.188484 1105
7749 0.000451 0.194786 1110
7861 0.000449 0.200353 1115
7658 0.000447 0.189877 1120
7673 0.000445 0.196733 1125
7620 0.000443 0.186222 1130
7394 0.000442 0.198655 1135
7548 0.000440 0.188335 1140
7378 0.000438 0.201461 1145
7242 0.000436 0.203573 1150
7336 0.000434 0.189936 1155
7097 0.000432 0.195208 1160
7114 0.000430 0.193770 1165
7002 0.000428 0.190943 1170
7071 0.000426 0.200581 1175
6884 0.000425 0.184406 1180
6852 0.000423 0.194799 1185
6721 0.000421 0.197589 1190
6650 0.000419 0.199865 1195
6581 0.000418 0.186686 1200
6748 0.000416 0.206262 1205
6705 0.000414 0.187842 1210
6491 0.000412 0.207283 1215
6483 0.000411 0.206219 1220
6315 0.000409 0.210222 1225
6201 0.000407 0.204439 1230
6317 0.000406 0.207503 1235
6259 0.000404 0.203018 1240
6137 0.000402 0.202917 1245
6251 0.000401 0.198434 1250
6016 0.000399 0.201678 1255
6136 0.000398 0.190291 1260
5991 0.000396 0.202496 1265
5926 0.000394 0.212858 1270
5905 0.000393 0.193657 1275
5951 0.000391 0.196134 1280
5854 0.000390 0.196338 1285
5751 0.000388 0.198157 1290
5862 0.000387 0.197403 1295
5780 0.000385 0.205675 1300
5868 0.000384 0.191947 1305
5675 0.000382 0.210951 1310
5605 0.000381 0.197497 1315
5516 0.000380 0.198321 1320
5463 0.000378 0.195967 1325
5401 0.000377 0.218716 1330
5436 0.000375 0.211953 1335
5399 0.000374 0.199945 1340
5240 0.000372 0.193497 1345
5219 0.000371 0.191786 1350
5297 0.000370 0.201731 1355
5183 0.000368 0.196072 1360
5290 0.000367 0.204286 1365
5056 0.000366 0.194983 1370
5037 0.000364 0.197836 1375
5169 0.000363 0.196247 1380
5018 0.000362 0.209603 1385
4964 0.000360 0.189386 1390
4893 0.000359 0.212159 1395
5024 0.000358 0.198840 1400
4958 0.000356 0.198691 1405
4737 0.000355 0.189713 1410
4744 0.000354 0.195574 1415
4886 0.000353 0.190544 1420
4739 0.000351 0.199309 1425
4734 0.000350 0.198929 1430
4642 0.000349 0.199965 1435
4623 0.000348 0.215088 1440
4471 0.000347 0.216818 1445
4595 0.000345 0.195745 1450
4530 0.000344 0.196646 1455
4499 0.000343 0.209758 1460
4480 0.000342 0.197429 1465
4513 0.000341 0.198384 1470
4418 0.000340 0.206531 1475
4387 0.000338 0.211327 1480
4324 0.000337 0.211447 1485
4380 0.000336 0.194549 1490
4289 0.000335 0.206667 1495
4292 0.000334 0.188874 1500
4314 0.000333 0.219984 1505
4238 0.000332 0.222339 1510
4181 0.000331 0.191431 1515
4130 0.000329 0.206396 1520
4051 0.000328 0.186241 1525
4193 0.000327 0.195515 1530
4105 0.000326 0.212443 1535
3997 0.000325 0.215325 1540
4181 0.000324 0.205873 1545
3955 0.000323 0.205216 1550
4046 0.000322 0.210128 1555
3981 0.000321 0.211742 1560
3868 0.000320 0.217588 1565
3846 0.000319 0.205427 1570
3934 0.000318 0.218724 1575
3957 0.000317 0.215158 1580
3747 0.000316 0.213654 1585
3702 0.000315 0.203123 1590
3859 0.000314 0.212416 1595
3706 0.000313 0.194078 1600
3851 0.000312 0.204156 1605
3602 0.000311 0.197147 1610
3747 0.000310 0.210865 1615
3786 0.000309 0.211793 1620
3782 0.000308 0.211134 1625
3613 0.000307 0.188664 1630
3540 0.000306 0.195412 1635
3629 0.000305 0.216231 1640
3611 0.000304 0.215199 1645
3463 0.000303 0.214776 1650
3494 0.000303 0.199388 1655
3553 0.000302 0.216315 1660
3501 0.000301 0.204163 1665
3485 0.000300 0.215363 1670
3526 0.000299 0.208823 1675
3346 0.000298 0.217676 1680
3345 0.000297 0.214460 1685
3458 0.000296 0.195204 1690
3308 0.000295 0.215401 1695
3442 0.000295 0.230536 1700
3312 0.000294 0.230043 1705
3293 0.000293 0.219874 1710
3246 0.000292 0.200597 1715
3231 0.000291 0.216562 1720
3305 0.000290 0.215350 1725
3224 0.000289 0.220508 1730
3286 0.000289 0.216976 1735
3093 0.000288 0.219373 1740
3200 0.000287 0.215982 1745
3192 0.000286 0.206973 1750
3111 0.000285 0.191842 1755
3101 0.000285 0.220674 1760
3097 0.000284 0.207658 1765
3080 0.000283 0.214831 1770
3102 0.000282 0.204301 1775
3056 0.000281 0.212993 1780
2986 0.000281 0.199590 1785
2945 0.000280 0.197958 1790
2962 0.000279 0.237419 1795
3070 0.000278 0.214305 1800
3015 0.000277 0.230947 1805
2918 0.000277 0.201681 1810
2829 0.000276 0.221033 1815
3003 0.000275 0.215686 1820
2977 0.000274 0.231742 1825
2748 0.000274 0.228954 1830
2892 0.000273 0.216213 1835
2838 0.000272 0.217399 1840
2860 0.000271 0.238105 1845
2872 0.000271 0.211855 1850
2782 0.000270 0.223083 1855
2791 0.000269 0.206542 1860
2719 0.000268 0.230028 1865
2619 0.000268 0.234101 1870
2712 0.000267 0.215689 1875
2770 0.000266 0.204339 1880
2755 0.000266 0.207694 1885
2646 0.000265 0.222004 1890
2652 0.000264 0.194184 1895
2606 0.000264 0.210132 1900
2658 0.000263 0.217835 1905
2701 0.000262 0.199505 1910
2538 0.000261 0.213796 1915
2541 0.000261 0.227845 1920
2651 0.000260 0.221897 1925
2595 0.000259 0.214161 1930
2517 0.000259 0.216968 1935
2445 0.000258 0.220618 1940
2598 0.000257 0.210958 1945
2617 0.000257 0.240488 1950
2546 0.000256 0.230688 1955
2514 0.000255 0.223275 1960
2462 0.000255 0.217696 1965
2437 0.000254 0.208200 1970
2509 0.000253 0.233370 1975
2416 0.000253 0.224552 1980
2399 0.000252 0.217499 1985
