TOTAL NUMBER OF SNPs
60397


CHROMOSOME 1
 NIND(real sample)=51
 NSNP=29671
 NSNP_calculations=29670
 NSNP_+2alleles=0
 NSNP_zeroes=0
 NSNP_monomorphic=1
 NIND_corrected=51.000000
 freq_MAF=0.009804
 F_dev_HW=0.139702
 G_var_bet_ind=0.569851
 Genetic distances available in map file

CHROMOSOME 2
 NIND(real sample)=51
 NSNP=30727
 NSNP_calculations=30727
 NSNP_+2alleles=0
 NSNP_zeroes=0
 NSNP_monomorphic=0
 NIND_corrected=51.000000
 freq_MAF=0.009804
 F_dev_HW=0.111477
 G_var_bet_ind=0.555738
 Genetic distances available in map file



INPUT FOR GONE


2       Phase (0: pseudohaploids; 1: known phase; 2: unknown phase)
51.000000       sample size (individuals; corrected for zeroes)
0.125343       Hardy-Weinberg deviation
86663607 0.272939 0.040792 2
376820869 0.176596 0.042349 4
146795039 0.102660 0.045212 6
74923565 0.072401 0.046680 8
45153962 0.056016 0.048020 10
60424572 0.041100 0.050401 15
30255339 0.028969 0.053984 20
18168228 0.022406 0.058239 25
12146126 0.018283 0.061918 30
8674662 0.015445 0.064816 35
6516557 0.013374 0.067571 40
5063587 0.011792 0.070511 45
4049201 0.010546 0.073985 50
3311348 0.009538 0.076538 55
2761787 0.008707 0.079924 60
2339183 0.008009 0.081979 65
2004669 0.007414 0.084249 70
1738545 0.006902 0.086160 75
1521112 0.006456 0.088225 80
1342002 0.006064 0.090885 85
1192814 0.005717 0.092917 90
1065981 0.005408 0.094674 95
959500 0.005130 0.096027 100
870705 0.004880 0.097602 105
789841 0.004653 0.099171 110
721330 0.004446 0.101670 115
661219 0.004257 0.103791 120
608693 0.004083 0.104054 125
562930 0.003923 0.106133 130
521233 0.003774 0.107433 135
483313 0.003637 0.109627 140
449640 0.003509 0.110008 145
418346 0.003391 0.111245 150
393289 0.003279 0.111129 155
369198 0.003175 0.112455 160
345723 0.003077 0.113766 165
326108 0.002986 0.114426 170
305932 0.002899 0.115278 175
290005 0.002817 0.117561 180
274687 0.002740 0.116565 185
259933 0.002667 0.118502 190
247605 0.002598 0.118905 195
234790 0.002532 0.120131 200
222768 0.002469 0.120920 205
212479 0.002410 0.121323 210
203182 0.002353 0.122181 215
193052 0.002299 0.122862 220
185736 0.002247 0.124131 225
176671 0.002198 0.123823 230
169482 0.002151 0.125846 235
161324 0.002105 0.125421 240
156007 0.002062 0.127598 245
148970 0.002020 0.128637 250
142809 0.001980 0.130310 255
137866 0.001942 0.129065 260
133032 0.001905 0.129797 265
128141 0.001869 0.129367 270
123296 0.001835 0.130331 275
118481 0.001802 0.132012 280
114601 0.001770 0.130421 285
110500 0.001739 0.130846 290
107270 0.001709 0.132830 295
103427 0.001681 0.132227 300
99928 0.001653 0.132926 305
96496 0.001626 0.135194 310
93591 0.001600 0.136728 315
90977 0.001575 0.134498 320
88194 0.001550 0.135317 325
84987 0.001527 0.136666 330
82387 0.001504 0.135803 335
80749 0.001482 0.139174 340
78149 0.001460 0.138512 345
75652 0.001439 0.136066 350
73512 0.001418 0.136827 355
71621 0.001399 0.136939 360
70205 0.001379 0.136870 365
68034 0.001361 0.135282 370
65520 0.001342 0.140933 375
64447 0.001325 0.140401 380
62933 0.001307 0.137878 385
61253 0.001290 0.141030 390
59540 0.001274 0.138829 395
58234 0.001258 0.143071 400
56670 0.001242 0.141035 405
55357 0.001227 0.143376 410
53830 0.001212 0.144125 415
52129 0.001198 0.143960 420
50992 0.001184 0.145129 425
50347 0.001170 0.148484 430
49209 0.001156 0.146416 435
48373 0.001143 0.147322 440
46943 0.001130 0.142900 445
45725 0.001117 0.149025 450
44778 0.001105 0.143246 455
43729 0.001093 0.149087 460
42757 0.001081 0.145126 465
41388 0.001070 0.146113 470
41098 0.001058 0.147582 475
40472 0.001047 0.149408 480
39362 0.001036 0.147954 485
38745 0.001026 0.148204 490
37699 0.001015 0.148157 495
37163 0.001005 0.146100 500
36351 0.000995 0.151092 505
35884 0.000985 0.151300 510
35159 0.000976 0.150504 515
33897 0.000966 0.148395 520
33592 0.000957 0.151003 525
32838 0.000948 0.149990 530
32674 0.000939 0.152347 535
31776 0.000930 0.153566 540
31320 0.000922 0.155353 545
30451 0.000913 0.153629 550
30019 0.000905 0.150849 555
29290 0.000897 0.155458 560
29122 0.000889 0.153887 565
28702 0.000881 0.152266 570
28045 0.000873 0.155348 575
27473 0.000866 0.155246 580
27215 0.000858 0.156152 585
26429 0.000851 0.153936 590
26036 0.000844 0.155943 595
25674 0.000837 0.159700 600
25131 0.000830 0.156600 605
24899 0.000823 0.156366 610
24704 0.000816 0.155710 615
23992 0.000810 0.153470 620
23532 0.000803 0.163044 625
23436 0.000797 0.160573 630
22850 0.000791 0.161693 635
22028 0.000784 0.159380 640
22153 0.000778 0.161350 645
21517 0.000772 0.161921 650
21719 0.000766 0.152614 655
21366 0.000761 0.159759 660
20946 0.000755 0.160040 665
20513 0.000749 0.160197 670
20271 0.000744 0.157692 675
19881 0.000738 0.162836 680
19564 0.000733 0.165526 685
19489 0.000727 0.161688 690
19154 0.000722 0.163329 695
18802 0.000717 0.162828 700
18680 0.000712 0.156728 705
18522 0.000707 0.165788 710
18041 0.000702 0.161191 715
17816 0.000697 0.163705 720
17389 0.000692 0.156385 725
16946 0.000687 0.163941 730
17232 0.000683 0.158026 735
16879 0.000678 0.168174 740
16619 0.000673 0.162319 745
16439 0.000669 0.165917 750
16282 0.000664 0.165519 755
15911 0.000660 0.174845 760
15613 0.000656 0.167356 765
15435 0.000651 0.170946 770
15179 0.000647 0.163885 775
15064 0.000643 0.162260 780
15179 0.000639 0.165973 785
14683 0.000635 0.166914 790
14710 0.000631 0.166424 795
14259 0.000627 0.164014 800
14228 0.000623 0.163845 805
14129 0.000619 0.171265 810
13653 0.000615 0.169424 815
13717 0.000612 0.169719 820
13595 0.000608 0.170031 825
13367 0.000604 0.174269 830
13234 0.000601 0.175107 835
13207 0.000597 0.167989 840
12894 0.000593 0.173302 845
12656 0.000590 0.164824 850
12557 0.000587 0.171084 855
12503 0.000583 0.175377 860
12418 0.000580 0.169282 865
12331 0.000576 0.170605 870
12180 0.000573 0.165921 875
11973 0.000570 0.161752 880
11797 0.000567 0.169076 885
11710 0.000563 0.174359 890
11685 0.000560 0.178014 895
11520 0.000557 0.168970 900
11419 0.000554 0.169625 905
11112 0.000551 0.169652 910
11087 0.000548 0.175524 915
10968 0.000545 0.168064 920
10730 0.000542 0.174441 925
10722 0.000539 0.172791 930
10557 0.000536 0.181452 935
10568 0.000533 0.174988 940
10434 0.000531 0.169583 945
10234 0.000528 0.179336 950
10222 0.000525 0.173152 955
10090 0.000522 0.171267 960
9960 0.000519 0.169030 965
9856 0.000517 0.182344 970
9741 0.000514 0.168921 975
9848 0.000512 0.173184 980
9478 0.000509 0.174968 985
9558 0.000506 0.181372 990
9359 0.000504 0.177487 995
9149 0.000501 0.181765 1000
9090 0.000499 0.177771 1005
9027 0.000496 0.172719 1010
8945 0.000494 0.171824 1015
8808 0.000491 0.177866 1020
8715 0.000489 0.170107 1025
8722 0.000487 0.177822 1030
8690 0.000484 0.178385 1035
8356 0.000482 0.170739 1040
8400 0.000480 0.186147 1045
8397 0.000477 0.178008 1050
8257 0.000475 0.166128 1055
8357 0.000473 0.170996 1060
8320 0.000471 0.181460 1065
8043 0.000468 0.184258 1070
7986 0.000466 0.179142 1075
8074 0.000464 0.185936 1080
7954 0.000462 0.183412 1085
7844 0.000460 0.183399 1090
7806 0.000458 0.173594 1095
7496 0.000456 0.185747 1100
7411 0.000454 0.179536 1105
7616 0.000451 0.187311 1110
7430 0.000449 0.179021 1115
7424 0.000447 0.178367 1120
7342 0.000445 0.186825 1125
7346 0.000443 0.179980 1130
7110 0.000442 0.177789 1135
7152 0.000440 0.181105 1140
6997 0.000438 0.182052 1145
6937 0.000436 0.188880 1150
7060 0.000434 0.190205 1155
6935 0.000432 0.189315 1160
6888 0.000430 0.187707 1165
6817 0.000428 0.177992 1170
6764 0.000426 0.175098 1175
6652 0.000425 0.181256 1180
6414 0.000423 0.181272 1185
6481 0.000421 0.178757 1190
6523 0.000419 0.187889 1195
6276 0.000418 0.180931 1200
6347 0.000416 0.187069 1205
6205 0.000414 0.189693 1210
6240 0.000412 0.173525 1215
6169 0.000411 0.173821 1220
6205 0.000409 0.186844 1225
6101 0.000407 0.196084 1230
5992 0.000406 0.188323 1235
6030 0.000404 0.185724 1240
5962 0.000402 0.190139 1245
5698 0.000401 0.183289 1250
5880 0.000399 0.184141 1255
5726 0.000398 0.179240 1260
5755 0.000396 0.183350 1265
5711 0.000394 0.190042 1270
5619 0.000393 0.182861 1275
5674 0.000391 0.179016 1280
5539 0.000390 0.179367 1285
5548 0.000388 0.182440 1290
5508 0.000387 0.178749 1295
5406 0.000385 0.182406 1300
5547 0.000384 0.190518 1305
5248 0.000382 0.193675 1310
5337 0.000381 0.192797 1315
5312 0.000380 0.192925 1320
5232 0.000378 0.183896 1325
5308 0.000377 0.182231 1330
5203 0.000375 0.181970 1335
5093 0.000374 0.183163 1340
5265 0.000372 0.187748 1345
4981 0.000371 0.190310 1350
5000 0.000370 0.191347 1355
5002 0.000368 0.188511 1360
4979 0.000367 0.189735 1365
4859 0.000366 0.183551 1370
4864 0.000364 0.196832 1375
4797 0.000363 0.189971 1380
4832 0.000362 0.188735 1385
4720 0.000360 0.182822 1390
4775 0.000359 0.204408 1395
4716 0.000358 0.188757 1400
4596 0.000357 0.202298 1405
4621 0.000355 0.189769 1410
4616 0.000354 0.187351 1415
4605 0.000353 0.175826 1420
4514 0.000351 0.182828 1425
4480 0.000350 0.190761 1430
4503 0.000349 0.191516 1435
4454 0.000348 0.196783 1440
4426 0.000347 0.191258 1445
4419 0.000345 0.189266 1450
4355 0.000344 0.196539 1455
4396 0.000343 0.192467 1460
4254 0.000342 0.187999 1465
4075 0.000341 0.180878 1470
4258 0.000340 0.173425 1475
4139 0.000338 0.201532 1480
4256 0.000337 0.197912 1485
4111 0.000336 0.180955 1490
4102 0.000335 0.194601 1495
4134 0.000334 0.199073 1500
4175 0.000333 0.195921 1505
4013 0.000332 0.202514 1510
4038 0.000331 0.196211 1515
4083 0.000329 0.189091 1520
3966 0.000328 0.198137 1525
3920 0.000327 0.204252 1530
3963 0.000326 0.190196 1535
3831 0.000325 0.193822 1540
3962 0.000324 0.197102 1545
3856 0.000323 0.200576 1550
3841 0.000322 0.200430 1555
3768 0.000321 0.198312 1560
3872 0.000320 0.190569 1565
3736 0.000319 0.205296 1570
3738 0.000318 0.202336 1575
3831 0.000317 0.196123 1580
3614 0.000316 0.190796 1585
3544 0.000315 0.206111 1590
3753 0.000314 0.191822 1595
3664 0.000313 0.200512 1600
3647 0.000312 0.199760 1605
3532 0.000311 0.195119 1610
3569 0.000310 0.201173 1615
3631 0.000309 0.192122 1620
3401 0.000308 0.193857 1625
3456 0.000307 0.203913 1630
3434 0.000306 0.195908 1635
3421 0.000305 0.200911 1640
3514 0.000304 0.190979 1645
3361 0.000304 0.209539 1650
3441 0.000303 0.187367 1655
3375 0.000302 0.208327 1660
3238 0.000301 0.202783 1665
3278 0.000300 0.199615 1670
3298 0.000299 0.200313 1675
3200 0.000298 0.193572 1680
3211 0.000297 0.198459 1685
3218 0.000296 0.177237 1690
3235 0.000295 0.205000 1695
3148 0.000295 0.201767 1700
3154 0.000294 0.210206 1705
3132 0.000293 0.184873 1710
3197 0.000292 0.197128 1715
3093 0.000291 0.184573 1720
3094 0.000290 0.196581 1725
3053 0.000289 0.185436 1730
3073 0.000289 0.204486 1735
2970 0.000288 0.197156 1740
3055 0.000287 0.205567 1745
3064 0.000286 0.201622 1750
2994 0.000285 0.198879 1755
3000 0.000285 0.192348 1760
3008 0.000284 0.199588 1765
2936 0.000283 0.203625 1770
2950 0.000282 0.209312 1775
2903 0.000281 0.198380 1780
2828 0.000281 0.201970 1785
2979 0.000280 0.199625 1790
2912 0.000279 0.198484 1795
2854 0.000278 0.203565 1800
2799 0.000277 0.200402 1805
2750 0.000277 0.210393 1810
2784 0.000276 0.188408 1815
2770 0.000275 0.195169 1820
2767 0.000274 0.209780 1825
2674 0.000274 0.206222 1830
2637 0.000273 0.207547 1835
2804 0.000272 0.197884 1840
2699 0.000271 0.194486 1845
2692 0.000271 0.216696 1850
2669 0.000270 0.211513 1855
2695 0.000269 0.217344 1860
2640 0.000268 0.202177 1865
2632 0.000268 0.186073 1870
2631 0.000267 0.199468 1875
2475 0.000266 0.211710 1880
2577 0.000266 0.218980 1885
2551 0.000265 0.219967 1890
2568 0.000264 0.186951 1895
2666 0.000263 0.203376 1900
2523 0.000263 0.207491 1905
2475 0.000262 0.212179 1910
2491 0.000261 0.215300 1915
2507 0.000261 0.194558 1920
2548 0.000260 0.186496 1925
2466 0.000259 0.208450 1930
2378 0.000259 0.205306 1935
2413 0.000258 0.219533 1940
2445 0.000257 0.200604 1945
2415 0.000257 0.195824 1950
2440 0.000256 0.219345 1955
2550 0.000255 0.195947 1960
2463 0.000255 0.208522 1965
2344 0.000254 0.209005 1970
2396 0.000253 0.202029 1975
2398 0.000253 0.205250 1980
2329 0.000252 0.191198 1985
