TOTAL NUMBER OF SNPs
60557


CHROMOSOME 1
 NIND(real sample)=51
 NSNP=30839
 NSNP_calculations=30839
 NSNP_+2alleles=0
 NSNP_zeroes=0
 NSNP_monomorphic=0
 NIND_corrected=51.000000
 freq_MAF=0.009804
 F_dev_HW=0.142814
 G_var_bet_ind=0.571407
 Genetic distances available in map file

CHROMOSOME 2
 NIND(real sample)=51
 NSNP=29721
 NSNP_calculations=29718
 NSNP_+2alleles=0
 NSNP_zeroes=0
 NSNP_monomorphic=3
 NIND_corrected=51.000000
 freq_MAF=0.009804
 F_dev_HW=0.109157
 G_var_bet_ind=0.554578
 Genetic distances available in map file



INPUT FOR GONE


2       Phase (0: pseudohaploids; 1: known phase; 2: unknown phase)
51.000000       sample size (individuals; corrected for zeroes)
0.126297       Hardy-Weinberg deviation
86963186 0.272805 0.043045 2
378737004 0.176642 0.042024 4
147622690 0.102651 0.042417 6
75234127 0.072401 0.043556 8
45413960 0.056014 0.044510 10
60760823 0.041100 0.047518 15
30492455 0.028966 0.050878 20
18336319 0.022407 0.054706 25
12234256 0.018282 0.058211 30
8743576 0.015445 0.061357 35
6555217 0.013373 0.064042 40
5099890 0.011792 0.066532 45
4081103 0.010546 0.068837 50
3338308 0.009538 0.072007 55
2776309 0.008707 0.074330 60
2357770 0.008009 0.077277 65
2021433 0.007414 0.079055 70
1753471 0.006902 0.081045 75
1535496 0.006456 0.083525 80
1354898 0.006064 0.084926 85
1202655 0.005717 0.086809 90
1075453 0.005408 0.088570 95
967480 0.005130 0.090991 100
875746 0.004880 0.092572 105
795320 0.004653 0.094871 110
727745 0.004446 0.096452 115
666765 0.004257 0.098029 120
613324 0.004083 0.099274 125
564196 0.003923 0.100934 130
523527 0.003774 0.101273 135
486284 0.003637 0.103375 140
452232 0.003509 0.104322 145
422503 0.003390 0.106493 150
394752 0.003279 0.106463 155
369842 0.003175 0.107772 160
347462 0.003077 0.108645 165
327502 0.002986 0.109166 170
308696 0.002899 0.109908 175
291866 0.002817 0.112277 180
276292 0.002740 0.113789 185
261703 0.002667 0.112747 190
249147 0.002598 0.113710 195
235309 0.002532 0.114153 200
223409 0.002469 0.115905 205
213079 0.002410 0.116861 210
204395 0.002353 0.116554 215
194315 0.002299 0.116393 220
185772 0.002247 0.119251 225
177607 0.002198 0.119565 230
170002 0.002151 0.118984 235
163173 0.002105 0.121515 240
156195 0.002062 0.123558 245
150139 0.002020 0.122419 250
144321 0.001980 0.123437 255
138461 0.001942 0.123905 260
133967 0.001905 0.125263 265
128279 0.001869 0.125061 270
124069 0.001835 0.127495 275
119369 0.001802 0.127178 280
114931 0.001770 0.128181 285
111315 0.001739 0.128589 290
107152 0.001709 0.129790 295
104900 0.001681 0.129368 300
101251 0.001653 0.132108 305
97402 0.001626 0.130863 310
94046 0.001600 0.130751 315
91257 0.001575 0.130893 320
88599 0.001550 0.131650 325
85925 0.001527 0.133656 330
83064 0.001504 0.133786 335
81012 0.001482 0.132351 340
78219 0.001460 0.132755 345
76500 0.001439 0.135157 350
74246 0.001419 0.134628 355
72258 0.001399 0.136057 360
70181 0.001379 0.136094 365
68266 0.001361 0.137400 370
65713 0.001342 0.137029 375
64787 0.001325 0.137453 380
62723 0.001307 0.137059 385
61250 0.001290 0.141698 390
59846 0.001274 0.136151 395
58204 0.001258 0.140234 400
56742 0.001242 0.136959 405
55690 0.001227 0.137511 410
54107 0.001212 0.142717 415
53269 0.001198 0.138488 420
51493 0.001183 0.142602 425
50361 0.001170 0.144217 430
49039 0.001156 0.143691 435
47849 0.001143 0.140768 440
47135 0.001130 0.141996 445
45852 0.001117 0.143239 450
45082 0.001105 0.141725 455
43768 0.001093 0.141800 460
42881 0.001081 0.145454 465
42311 0.001069 0.143323 470
41500 0.001058 0.146441 475
40457 0.001047 0.147283 480
39452 0.001036 0.144251 485
38724 0.001026 0.146489 490
38146 0.001015 0.148810 495
37396 0.001005 0.147479 500
36630 0.000995 0.149344 505
35669 0.000985 0.147661 510
35114 0.000976 0.145256 515
34262 0.000966 0.146001 520
33816 0.000957 0.152010 525
33075 0.000948 0.149173 530
32719 0.000939 0.148932 535
31964 0.000930 0.148317 540
31224 0.000922 0.155094 545
31068 0.000913 0.151057 550
30018 0.000905 0.152293 555
29590 0.000897 0.149618 560
29315 0.000889 0.150961 565
28945 0.000881 0.152958 570
28236 0.000873 0.150531 575
27723 0.000866 0.152586 580
27204 0.000858 0.154225 585
26606 0.000851 0.156398 590
26067 0.000844 0.152588 595
25806 0.000837 0.155198 600
25369 0.000830 0.155825 605
25004 0.000823 0.154860 610
24675 0.000816 0.158467 615
24124 0.000810 0.154124 620
23939 0.000803 0.158996 625
23449 0.000797 0.156749 630
22973 0.000791 0.164355 635
22905 0.000784 0.155637 640
22363 0.000778 0.154066 645
21944 0.000772 0.158006 650
21715 0.000766 0.161205 655
21356 0.000760 0.156959 660
21097 0.000755 0.159089 665
20601 0.000749 0.161405 670
20451 0.000744 0.159532 675
20216 0.000738 0.157825 680
19514 0.000733 0.159430 685
19507 0.000727 0.158004 690
19304 0.000722 0.158426 695
18993 0.000717 0.163630 700
18850 0.000712 0.150914 705
18561 0.000707 0.157511 710
18078 0.000702 0.160164 715
18151 0.000697 0.162934 720
17666 0.000692 0.157077 725
17424 0.000687 0.163263 730
17196 0.000683 0.160729 735
17044 0.000678 0.162397 740
16653 0.000673 0.163788 745
16393 0.000669 0.165797 750
16262 0.000664 0.167156 755
16127 0.000660 0.163760 760
15834 0.000656 0.162251 765
15704 0.000651 0.163713 770
15416 0.000647 0.168831 775
15255 0.000643 0.165895 780
15118 0.000639 0.169277 785
14752 0.000635 0.172057 790
14688 0.000631 0.171573 795
14398 0.000627 0.158662 800
14384 0.000623 0.166093 805
14070 0.000619 0.166613 810
14212 0.000615 0.159366 815
13989 0.000612 0.169093 820
13774 0.000608 0.160619 825
13418 0.000604 0.169727 830
13386 0.000601 0.173183 835
13035 0.000597 0.165642 840
12916 0.000593 0.163909 845
12940 0.000590 0.168713 850
12978 0.000587 0.168347 855
12585 0.000583 0.174569 860
12375 0.000580 0.165758 865
12239 0.000576 0.171841 870
12182 0.000573 0.171875 875
11985 0.000570 0.172678 880
11860 0.000567 0.172322 885
11640 0.000563 0.165032 890
11405 0.000560 0.175117 895
11623 0.000557 0.170731 900
11254 0.000554 0.169783 905
11316 0.000551 0.164022 910
11234 0.000548 0.173791 915
10766 0.000545 0.173730 920
10970 0.000542 0.170968 925
10800 0.000539 0.165802 930
10845 0.000536 0.170044 935
10431 0.000533 0.176675 940
10450 0.000531 0.173527 945
10417 0.000528 0.165677 950
10235 0.000525 0.170738 955
10189 0.000522 0.176827 960
9801 0.000519 0.174535 965
9956 0.000517 0.169593 970
9686 0.000514 0.174665 975
9677 0.000512 0.175154 980
9535 0.000509 0.180726 985
9542 0.000506 0.175245 990
9489 0.000504 0.171184 995
9292 0.000501 0.177823 1000
9353 0.000499 0.174116 1005
9167 0.000496 0.173207 1010
9183 0.000494 0.175752 1015
8931 0.000491 0.168956 1020
8909 0.000489 0.174915 1025
8730 0.000487 0.175694 1030
8713 0.000484 0.178758 1035
8533 0.000482 0.172049 1040
8436 0.000480 0.177592 1045
8612 0.000477 0.184263 1050
8434 0.000475 0.179087 1055
8291 0.000473 0.172579 1060
8228 0.000471 0.179577 1065
8011 0.000468 0.178161 1070
8126 0.000466 0.170547 1075
7971 0.000464 0.175862 1080
7899 0.000462 0.176824 1085
7839 0.000460 0.175021 1090
7826 0.000458 0.174917 1095
7648 0.000456 0.178297 1100
7641 0.000454 0.174833 1105
7635 0.000451 0.172172 1110
7437 0.000449 0.181152 1115
7392 0.000447 0.177446 1120
7401 0.000445 0.187020 1125
7208 0.000443 0.174604 1130
7032 0.000441 0.182639 1135
7295 0.000440 0.183967 1140
7192 0.000438 0.179612 1145
7022 0.000436 0.183745 1150
7003 0.000434 0.180736 1155
6934 0.000432 0.178253 1160
6781 0.000430 0.177938 1165
6656 0.000428 0.192599 1170
6671 0.000426 0.191571 1175
6710 0.000425 0.184793 1180
6548 0.000423 0.181423 1185
6502 0.000421 0.182260 1190
6339 0.000419 0.189870 1195
6418 0.000418 0.187177 1200
6271 0.000416 0.183006 1205
6396 0.000414 0.188343 1210
6343 0.000412 0.187738 1215
6384 0.000411 0.184396 1220
6134 0.000409 0.181805 1225
6190 0.000407 0.184201 1230
5978 0.000406 0.180019 1235
6036 0.000404 0.192990 1240
5974 0.000402 0.189777 1245
5829 0.000401 0.191181 1250
5897 0.000399 0.188697 1255
5856 0.000398 0.186309 1260
5642 0.000396 0.187749 1265
5724 0.000394 0.184963 1270
5847 0.000393 0.179682 1275
5679 0.000391 0.194180 1280
5475 0.000390 0.175770 1285
5557 0.000388 0.185596 1290
5553 0.000387 0.187747 1295
5553 0.000385 0.196685 1300
5464 0.000384 0.180776 1305
5478 0.000382 0.169650 1310
5246 0.000381 0.187314 1315
5368 0.000380 0.183040 1320
5177 0.000378 0.194129 1325
5270 0.000377 0.193280 1330
5219 0.000375 0.177618 1335
5237 0.000374 0.196868 1340
5203 0.000372 0.190917 1345
5105 0.000371 0.186744 1350
5094 0.000370 0.191052 1355
5060 0.000368 0.197237 1360
5079 0.000367 0.188674 1365
4915 0.000366 0.192910 1370
4905 0.000364 0.180574 1375
4822 0.000363 0.188711 1380
4853 0.000362 0.192641 1385
4853 0.000360 0.189270 1390
4722 0.000359 0.194647 1395
4924 0.000358 0.195325 1400
4749 0.000357 0.189113 1405
4675 0.000355 0.186013 1410
4776 0.000354 0.190596 1415
4610 0.000353 0.175174 1420
4486 0.000352 0.196634 1425
4546 0.000350 0.192573 1430
4520 0.000349 0.197921 1435
4504 0.000348 0.204383 1440
4337 0.000347 0.188963 1445
4339 0.000345 0.194384 1450
4348 0.000344 0.175371 1455
4396 0.000343 0.191647 1460
4305 0.000342 0.199026 1465
4340 0.000341 0.195469 1470
4307 0.000340 0.174778 1475
4313 0.000338 0.178739 1480
4237 0.000337 0.181068 1485
4142 0.000336 0.210673 1490
4073 0.000335 0.189515 1495
4222 0.000334 0.188014 1500
4128 0.000333 0.194323 1505
4108 0.000332 0.187167 1510
4000 0.000331 0.187283 1515
4010 0.000329 0.187581 1520
4006 0.000328 0.182605 1525
3924 0.000327 0.200486 1530
4090 0.000326 0.206702 1535
3977 0.000325 0.196014 1540
3853 0.000324 0.180188 1545
3841 0.000323 0.192046 1550
3820 0.000322 0.193840 1555
3800 0.000321 0.183429 1560
3752 0.000320 0.198584 1565
3771 0.000319 0.196254 1570
3712 0.000318 0.196158 1575
3858 0.000317 0.203326 1580
3626 0.000316 0.192849 1585
3704 0.000315 0.189931 1590
3727 0.000314 0.205781 1595
3626 0.000313 0.202574 1600
3668 0.000312 0.183659 1605
3502 0.000311 0.209833 1610
3530 0.000310 0.195454 1615
3505 0.000309 0.196055 1620
3413 0.000308 0.192025 1625
3509 0.000307 0.201640 1630
3564 0.000306 0.191930 1635
3463 0.000305 0.198861 1640
3481 0.000304 0.215811 1645
3373 0.000303 0.196882 1650
3293 0.000303 0.191348 1655
3375 0.000302 0.196573 1660
3292 0.000301 0.206073 1665
3340 0.000300 0.180933 1670
3387 0.000299 0.191432 1675
3394 0.000298 0.192071 1680
3246 0.000297 0.176748 1685
3191 0.000296 0.196514 1690
3115 0.000295 0.199653 1695
3218 0.000295 0.199043 1700
3215 0.000294 0.195838 1705
3143 0.000293 0.202182 1710
3111 0.000292 0.215495 1715
3151 0.000291 0.185032 1720
3090 0.000290 0.202688 1725
2990 0.000289 0.199044 1730
3203 0.000289 0.197774 1735
3143 0.000288 0.202521 1740
3025 0.000287 0.213892 1745
3008 0.000286 0.221712 1750
3047 0.000285 0.202054 1755
2851 0.000285 0.198523 1760
3029 0.000284 0.210203 1765
2915 0.000283 0.181390 1770
3002 0.000282 0.211138 1775
2969 0.000281 0.195108 1780
2963 0.000280 0.199202 1785
2764 0.000280 0.206047 1790
2971 0.000279 0.224905 1795
2809 0.000278 0.198919 1800
2885 0.000277 0.192175 1805
2828 0.000277 0.196639 1810
2733 0.000276 0.183603 1815
2700 0.000275 0.224675 1820
2801 0.000274 0.214399 1825
2791 0.000274 0.199302 1830
2774 0.000273 0.208837 1835
2775 0.000272 0.188742 1840
2722 0.000271 0.218869 1845
2633 0.000271 0.207977 1850
2702 0.000270 0.222276 1855
2661 0.000269 0.209207 1860
2760 0.000268 0.200658 1865
2669 0.000268 0.204245 1870
2653 0.000267 0.212934 1875
2617 0.000266 0.216680 1880
2707 0.000266 0.194483 1885
2563 0.000265 0.198273 1890
2602 0.000264 0.203983 1895
2620 0.000263 0.191184 1900
2626 0.000263 0.200115 1905
2546 0.000262 0.207756 1910
2540 0.000261 0.208514 1915
2522 0.000261 0.211407 1920
2473 0.000260 0.225203 1925
2371 0.000259 0.206335 1930
2472 0.000259 0.205833 1935
2378 0.000258 0.225205 1940
2485 0.000257 0.199389 1945
2354 0.000257 0.211127 1950
2529 0.000256 0.197851 1955
2433 0.000255 0.214752 1960
2446 0.000255 0.208189 1965
2283 0.000254 0.215654 1970
2431 0.000253 0.203360 1975
2326 0.000253 0.208820 1980
2374 0.000252 0.211320 1985
