TOTAL NUMBER OF SNPs
62075


CHROMOSOME 1
 NIND(real sample)=51
 NSNP=30559
 NSNP_calculations=30559
 NSNP_+2alleles=0
 NSNP_zeroes=0
 NSNP_monomorphic=0
 NIND_corrected=51.000000
 freq_MAF=0.009804
 F_dev_HW=0.120158
 G_var_bet_ind=0.560079
 Genetic distances available in map file

CHROMOSOME 2
 NIND(real sample)=51
 NSNP=31519
 NSNP_calculations=31516
 NSNP_+2alleles=0
 NSNP_zeroes=0
 NSNP_monomorphic=3
 NIND_corrected=51.000000
 freq_MAF=0.009804
 F_dev_HW=0.081846
 G_var_bet_ind=0.540923
 Genetic distances available in map file



INPUT FOR GONE


2       Phase (0: pseudohaploids; 1: known phase; 2: unknown phase)
51.000000       sample size (individuals; corrected for zeroes)
0.100707       Hardy-Weinberg deviation
89072453 0.272787 0.041443 2
398270646 0.176350 0.040155 4
156142894 0.102666 0.040907 6
79434183 0.072406 0.042857 8
47880925 0.056011 0.043667 10
64050581 0.041101 0.045055 15
32098752 0.028966 0.048522 20
19303401 0.022406 0.052847 25
12873232 0.018282 0.055704 30
9202245 0.015445 0.057967 35
6895831 0.013373 0.060599 40
5365427 0.011792 0.063118 45
4298051 0.010546 0.065495 50
3512534 0.009538 0.068265 55
2922758 0.008707 0.070113 60
2468468 0.008009 0.072435 65
2119883 0.007414 0.074403 70
1838082 0.006902 0.077097 75
1610106 0.006456 0.079211 80
1418632 0.006064 0.081052 85
1261696 0.005717 0.083254 90
1126617 0.005408 0.084843 95
1014926 0.005130 0.086336 100
918671 0.004880 0.089512 105
835941 0.004653 0.089790 110
763408 0.004446 0.091525 115
697898 0.004257 0.092733 120
642486 0.004083 0.094124 125
593675 0.003923 0.095109 130
550108 0.003774 0.096101 135
510676 0.003637 0.097204 140
475738 0.003509 0.097882 145
444170 0.003390 0.099851 150
416062 0.003279 0.100416 155
389000 0.003175 0.101458 160
365119 0.003078 0.103477 165
344129 0.002985 0.103754 170
324400 0.002899 0.104956 175
305431 0.002817 0.105105 180
290191 0.002740 0.106378 185
275321 0.002667 0.106102 190
260235 0.002598 0.108700 195
247651 0.002532 0.109118 200
236034 0.002469 0.109860 205
224140 0.002410 0.109995 210
213069 0.002353 0.111923 215
203992 0.002299 0.111886 220
194969 0.002247 0.113181 225
187496 0.002198 0.113977 230
178595 0.002151 0.113876 235
172037 0.002105 0.115581 240
163942 0.002062 0.115361 245
157347 0.002020 0.115905 250
151513 0.001980 0.114869 255
146501 0.001942 0.118190 260
140011 0.001905 0.119644 265
135253 0.001869 0.119354 270
130220 0.001835 0.120540 275
125246 0.001802 0.120604 280
121453 0.001770 0.120936 285
117172 0.001739 0.121453 290
113509 0.001709 0.120899 295
109186 0.001681 0.124011 300
105849 0.001653 0.123071 305
102397 0.001626 0.125000 310
99128 0.001600 0.124687 315
95952 0.001575 0.125853 320
93248 0.001550 0.123722 325
90421 0.001527 0.124326 330
87551 0.001504 0.127265 335
84704 0.001482 0.125151 340
82438 0.001460 0.126194 345
80444 0.001439 0.129066 350
77839 0.001418 0.127249 355
75735 0.001399 0.124022 360
73604 0.001379 0.128063 365
71695 0.001361 0.127152 370
69691 0.001342 0.127834 375
67666 0.001325 0.128405 380
65621 0.001307 0.128898 385
64350 0.001290 0.129750 390
62645 0.001274 0.132580 395
61229 0.001258 0.132325 400
60003 0.001242 0.131216 405
58180 0.001227 0.131207 410
56958 0.001212 0.133672 415
55467 0.001198 0.133754 420
54066 0.001183 0.130949 425
52979 0.001170 0.133854 430
51925 0.001156 0.133031 435
50589 0.001143 0.134424 440
49687 0.001130 0.135339 445
48186 0.001117 0.135745 450
47255 0.001105 0.133620 455
46203 0.001093 0.134801 460
45263 0.001081 0.137071 465
44406 0.001070 0.135977 470
43536 0.001058 0.133722 475
42572 0.001047 0.134534 480
41938 0.001036 0.136452 485
40680 0.001026 0.136577 490
40034 0.001015 0.140335 495
39168 0.001005 0.141160 500
38467 0.000995 0.137144 505
37776 0.000985 0.139311 510
36562 0.000976 0.142773 515
36004 0.000966 0.139319 520
35629 0.000957 0.138916 525
34929 0.000948 0.136594 530
34169 0.000939 0.139899 535
33510 0.000930 0.140198 540
32969 0.000922 0.139520 545
32226 0.000913 0.141399 550
32198 0.000905 0.141827 555
31369 0.000897 0.142680 560
30644 0.000889 0.141245 565
30179 0.000881 0.138139 570
29659 0.000873 0.139856 575
28882 0.000866 0.147498 580
28459 0.000858 0.139705 585
27581 0.000851 0.147404 590
27562 0.000844 0.138687 595
27184 0.000837 0.141267 600
26576 0.000830 0.149742 605
26288 0.000823 0.144644 610
26044 0.000816 0.143717 615
25542 0.000810 0.143328 620
25037 0.000803 0.145674 625
24677 0.000797 0.143333 630
24544 0.000791 0.148437 635
23827 0.000784 0.140546 640
23620 0.000778 0.147424 645
23253 0.000772 0.142064 650
22440 0.000766 0.145993 655
22159 0.000760 0.145309 660
22275 0.000755 0.148779 665
21959 0.000749 0.149870 670
21402 0.000743 0.145738 675
21364 0.000738 0.147867 680
20610 0.000733 0.140592 685
20751 0.000727 0.147749 690
20208 0.000722 0.150720 695
19987 0.000717 0.150522 700
19519 0.000712 0.147076 705
19315 0.000707 0.149773 710
18966 0.000702 0.151629 715
18757 0.000697 0.152031 720
18679 0.000692 0.152448 725
18486 0.000687 0.148064 730
18060 0.000683 0.145371 735
17592 0.000678 0.152273 740
17607 0.000673 0.151640 745
17469 0.000669 0.155953 750
17103 0.000664 0.155691 755
16996 0.000660 0.150615 760
16489 0.000656 0.165753 765
16455 0.000651 0.155126 770
16523 0.000647 0.155206 775
15960 0.000643 0.154531 780
15920 0.000639 0.153442 785
15575 0.000635 0.156526 790
15554 0.000631 0.155893 795
15103 0.000627 0.153472 800
15032 0.000623 0.145953 805
14757 0.000619 0.153025 810
14614 0.000615 0.162968 815
14456 0.000612 0.154212 820
14412 0.000608 0.151178 825
14075 0.000604 0.153885 830
13891 0.000601 0.158137 835
13776 0.000597 0.157022 840
13690 0.000593 0.157085 845
13487 0.000590 0.156450 850
13469 0.000587 0.157906 855
13039 0.000583 0.166510 860
12957 0.000580 0.157910 865
12853 0.000576 0.163205 870
12753 0.000573 0.158958 875
12698 0.000570 0.154506 880
12571 0.000567 0.150598 885
12277 0.000563 0.161166 890
12122 0.000560 0.160815 895
12097 0.000557 0.159653 900
12076 0.000554 0.161152 905
11642 0.000551 0.158739 910
11763 0.000548 0.160828 915
11528 0.000545 0.154530 920
11412 0.000542 0.157822 925
11370 0.000539 0.155935 930
11203 0.000536 0.164140 935
11048 0.000533 0.158461 940
10804 0.000531 0.167986 945
10878 0.000528 0.163109 950
10680 0.000525 0.160531 955
10693 0.000522 0.162288 960
10491 0.000519 0.157196 965
10329 0.000517 0.165361 970
10247 0.000514 0.162488 975
10302 0.000511 0.165045 980
10008 0.000509 0.166794 985
10046 0.000506 0.168201 990
10039 0.000504 0.168644 995
9469 0.000501 0.167665 1000
9819 0.000499 0.161474 1005
9589 0.000496 0.160776 1010
9456 0.000494 0.163304 1015
9544 0.000491 0.152949 1020
9189 0.000489 0.164057 1025
9358 0.000487 0.163510 1030
8985 0.000484 0.159334 1035
8946 0.000482 0.148276 1040
8996 0.000480 0.163304 1045
8799 0.000477 0.170558 1050
8623 0.000475 0.163559 1055
8658 0.000473 0.168602 1060
8445 0.000471 0.166024 1065
8633 0.000468 0.168731 1070
8338 0.000466 0.170443 1075
8320 0.000464 0.162108 1080
8257 0.000462 0.156083 1085
8234 0.000460 0.167546 1090
8253 0.000458 0.166015 1095
8126 0.000456 0.170581 1100
7936 0.000454 0.164805 1105
7959 0.000451 0.164953 1110
7654 0.000449 0.170705 1115
7823 0.000447 0.174718 1120
7797 0.000445 0.169774 1125
7629 0.000443 0.176858 1130
7579 0.000442 0.170563 1135
7460 0.000440 0.161613 1140
7420 0.000438 0.167046 1145
7346 0.000436 0.172866 1150
7316 0.000434 0.172071 1155
7154 0.000432 0.175323 1160
7264 0.000430 0.172752 1165
7064 0.000428 0.177228 1170
6972 0.000426 0.159053 1175
7082 0.000425 0.171130 1180
6996 0.000423 0.181444 1185
6948 0.000421 0.161278 1190
6853 0.000419 0.185249 1195
6834 0.000418 0.164972 1200
6750 0.000416 0.172572 1205
6648 0.000414 0.166473 1210
6670 0.000412 0.171753 1215
6589 0.000411 0.176810 1220
6477 0.000409 0.170965 1225
6365 0.000407 0.168407 1230
6230 0.000406 0.180581 1235
6473 0.000404 0.168247 1240
6303 0.000402 0.155358 1245
6180 0.000401 0.177126 1250
6190 0.000399 0.179731 1255
6140 0.000398 0.163583 1260
6039 0.000396 0.177711 1265
5964 0.000394 0.181781 1270
5849 0.000393 0.179437 1275
5892 0.000391 0.166284 1280
5934 0.000390 0.175890 1285
5815 0.000388 0.161146 1290
5628 0.000387 0.178914 1295
5739 0.000385 0.180221 1300
5868 0.000384 0.178299 1305
5714 0.000382 0.173640 1310
5814 0.000381 0.188564 1315
5590 0.000380 0.167978 1320
5703 0.000378 0.179045 1325
5529 0.000377 0.165796 1330
5499 0.000375 0.175192 1335
5311 0.000374 0.169401 1340
5383 0.000372 0.184460 1345
5378 0.000371 0.187207 1350
5316 0.000370 0.183143 1355
5249 0.000368 0.183806 1360
5234 0.000367 0.177131 1365
5196 0.000366 0.180358 1370
5115 0.000364 0.179667 1375
5104 0.000363 0.171080 1380
5017 0.000362 0.173648 1385
5066 0.000360 0.191847 1390
4980 0.000359 0.172442 1395
4941 0.000358 0.178325 1400
5149 0.000357 0.174181 1405
4901 0.000355 0.180009 1410
4888 0.000354 0.183125 1415
4900 0.000353 0.171580 1420
4887 0.000352 0.184881 1425
4847 0.000350 0.166995 1430
4727 0.000349 0.182587 1435
4814 0.000348 0.179757 1440
4696 0.000347 0.176534 1445
4675 0.000345 0.175522 1450
4454 0.000344 0.184188 1455
4647 0.000343 0.181744 1460
4406 0.000342 0.180952 1465
4509 0.000341 0.173524 1470
4608 0.000340 0.165080 1475
4375 0.000338 0.185237 1480
4354 0.000337 0.175385 1485
4523 0.000336 0.175177 1490
4379 0.000335 0.187910 1495
4306 0.000334 0.183169 1500
4397 0.000333 0.182223 1505
4184 0.000332 0.178480 1510
4148 0.000331 0.186167 1515
4321 0.000329 0.176960 1520
4226 0.000328 0.183568 1525
3973 0.000327 0.178258 1530
4121 0.000326 0.176768 1535
4022 0.000325 0.188894 1540
4087 0.000324 0.181366 1545
4089 0.000323 0.173753 1550
3953 0.000322 0.180147 1555
3945 0.000321 0.151613 1560
3975 0.000320 0.170572 1565
4044 0.000319 0.189315 1570
3944 0.000318 0.184914 1575
3986 0.000317 0.185625 1580
3906 0.000316 0.195690 1585
3868 0.000315 0.175949 1590
3888 0.000314 0.189193 1595
3885 0.000313 0.189241 1600
3697 0.000312 0.187196 1605
3764 0.000311 0.197382 1610
3822 0.000310 0.188736 1615
3663 0.000309 0.167870 1620
3709 0.000308 0.191908 1625
3576 0.000307 0.196761 1630
3664 0.000306 0.180944 1635
3647 0.000305 0.172798 1640
3549 0.000304 0.178924 1645
3518 0.000303 0.171387 1650
3567 0.000303 0.199176 1655
3452 0.000302 0.178992 1660
3412 0.000301 0.169842 1665
3584 0.000300 0.178462 1670
3504 0.000299 0.198580 1675
3499 0.000298 0.193145 1680
3446 0.000297 0.196318 1685
3566 0.000296 0.195610 1690
3445 0.000295 0.190532 1695
3392 0.000295 0.199745 1700
3384 0.000294 0.178024 1705
3266 0.000293 0.192717 1710
3253 0.000292 0.191299 1715
3266 0.000291 0.194371 1720
3390 0.000290 0.177960 1725
3254 0.000289 0.184340 1730
3250 0.000289 0.191878 1735
3228 0.000288 0.209551 1740
3227 0.000287 0.172659 1745
3186 0.000286 0.193895 1750
3135 0.000285 0.187874 1755
3163 0.000284 0.185526 1760
3153 0.000284 0.201691 1765
3049 0.000283 0.190727 1770
3100 0.000282 0.183926 1775
3047 0.000281 0.198621 1780
3035 0.000281 0.178460 1785
3058 0.000280 0.188934 1790
3039 0.000279 0.180920 1795
2918 0.000278 0.196739 1800
2944 0.000277 0.192295 1805
2983 0.000277 0.189308 1810
2935 0.000276 0.196144 1815
2887 0.000275 0.199308 1820
2898 0.000274 0.192143 1825
2893 0.000274 0.187075 1830
2876 0.000273 0.186766 1835
2818 0.000272 0.168166 1840
2858 0.000271 0.208143 1845
2828 0.000271 0.190062 1850
2908 0.000270 0.195668 1855
2857 0.000269 0.182168 1860
2881 0.000268 0.187746 1865
2770 0.000268 0.203534 1870
2836 0.000267 0.186495 1875
2745 0.000266 0.177771 1880
2704 0.000266 0.182798 1885
2752 0.000265 0.165749 1890
2723 0.000264 0.183127 1895
2755 0.000264 0.185629 1900
2595 0.000263 0.185441 1905
2574 0.000262 0.187892 1910
2605 0.000261 0.211077 1915
2666 0.000261 0.184186 1920
2560 0.000260 0.161458 1925
2649 0.000259 0.200827 1930
2601 0.000259 0.196098 1935
2562 0.000258 0.178605 1940
2577 0.000257 0.185212 1945
2479 0.000257 0.177095 1950
2571 0.000256 0.177752 1955
2556 0.000255 0.184692 1960
2614 0.000255 0.181990 1965
2513 0.000254 0.203085 1970
2466 0.000253 0.214694 1975
2419 0.000253 0.185054 1980
2394 0.000252 0.180469 1985
