TOTAL NUMBER OF SNPs
61948


CHROMOSOME 1
 NIND(real sample)=51
 NSNP=30780
 NSNP_calculations=30777
 NSNP_+2alleles=0
 NSNP_zeroes=0
 NSNP_monomorphic=3
 NIND_corrected=51.000000
 freq_MAF=0.009804
 F_dev_HW=0.081968
 G_var_bet_ind=0.540984
 Genetic distances available in map file

CHROMOSOME 2
 NIND(real sample)=51
 NSNP=31171
 NSNP_calculations=31171
 NSNP_+2alleles=0
 NSNP_zeroes=0
 NSNP_monomorphic=0
 NIND_corrected=51.000000
 freq_MAF=0.009804
 F_dev_HW=0.164677
 G_var_bet_ind=0.582339
 Genetic distances available in map file



INPUT FOR GONE


2       Phase (0: pseudohaploids; 1: known phase; 2: unknown phase)
51.000000       sample size (individuals; corrected for zeroes)
0.123586       Hardy-Weinberg deviation
87961955 0.273003 0.039632 2
396699511 0.176364 0.040270 4
156133575 0.102669 0.041401 6
79531712 0.072413 0.043546 8
47623406 0.056018 0.045011 10
63579466 0.041100 0.047651 15
31904825 0.028966 0.051584 20
19154030 0.022407 0.055473 25
12785981 0.018282 0.059141 30
9132271 0.015446 0.062091 35
6842039 0.013373 0.065067 40
5318766 0.011792 0.067726 45
4258576 0.010546 0.070499 50
3482153 0.009538 0.073232 55
2904036 0.008707 0.075544 60
2458391 0.008009 0.077552 65
2110357 0.007414 0.080191 70
1827991 0.006902 0.082076 75
1597387 0.006456 0.083821 80
1412019 0.006064 0.086247 85
1257669 0.005717 0.088474 90
1121591 0.005408 0.089717 95
1012484 0.005130 0.091488 100
917075 0.004880 0.093287 105
830422 0.004653 0.094532 110
759860 0.004446 0.097095 115
696338 0.004257 0.097952 120
637719 0.004083 0.099461 125
593151 0.003923 0.100821 130
547972 0.003774 0.102566 135
508607 0.003637 0.102410 140
474814 0.003510 0.104166 145
441562 0.003390 0.105149 150
414381 0.003279 0.105331 155
387980 0.003175 0.106839 160
365850 0.003078 0.106629 165
343532 0.002986 0.107777 170
323817 0.002899 0.108818 175
305845 0.002817 0.110011 180
289534 0.002740 0.111349 185
273821 0.002667 0.112377 190
259289 0.002598 0.112792 195
246110 0.002532 0.113579 200
234121 0.002469 0.115493 205
224790 0.002410 0.115119 210
213152 0.002353 0.115675 215
203264 0.002299 0.116112 220
194450 0.002247 0.118530 225
185876 0.002198 0.117273 230
178789 0.002151 0.119423 235
171090 0.002106 0.119522 240
163714 0.002062 0.119148 245
157452 0.002020 0.121540 250
151236 0.001980 0.122524 255
145411 0.001942 0.122465 260
140758 0.001905 0.123397 265
134596 0.001869 0.123926 270
129883 0.001835 0.125395 275
125628 0.001802 0.123160 280
120864 0.001770 0.124793 285
116623 0.001739 0.126031 290
113261 0.001709 0.125262 295
109060 0.001681 0.128223 300
105419 0.001653 0.126425 305
101893 0.001626 0.127220 310
99076 0.001600 0.127229 315
95627 0.001575 0.129179 320
92872 0.001550 0.131071 325
90545 0.001527 0.127399 330
87851 0.001504 0.129026 335
84990 0.001482 0.129183 340
82185 0.001460 0.131025 345
80156 0.001439 0.133643 350
78006 0.001418 0.133401 355
75141 0.001399 0.130318 360
73195 0.001379 0.132404 365
71589 0.001361 0.133934 370
69960 0.001342 0.133129 375
67867 0.001325 0.132372 380
65952 0.001307 0.135085 385
64846 0.001290 0.133159 390
63050 0.001274 0.134795 395
61283 0.001258 0.135106 400
59437 0.001242 0.135845 405
57859 0.001227 0.135267 410
57245 0.001212 0.138208 415
55273 0.001198 0.136681 420
53838 0.001183 0.139641 425
53009 0.001170 0.137359 430
52002 0.001156 0.138934 435
50798 0.001143 0.140954 440
49442 0.001130 0.139933 445
48350 0.001117 0.139301 450
46994 0.001105 0.138709 455
46254 0.001093 0.139234 460
45258 0.001081 0.144279 465
44098 0.001070 0.143929 470
43441 0.001058 0.142119 475
42267 0.001047 0.142237 480
41262 0.001036 0.140928 485
40863 0.001026 0.140586 490
39556 0.001015 0.144816 495
38873 0.001005 0.147067 500
38550 0.000995 0.144944 505
37299 0.000985 0.143188 510
36747 0.000976 0.147129 515
36151 0.000966 0.144604 520
35219 0.000957 0.142352 525
34411 0.000948 0.146050 530
34116 0.000939 0.144541 535
33385 0.000930 0.146770 540
32656 0.000922 0.144325 545
32311 0.000913 0.146522 550
31632 0.000905 0.145288 555
31074 0.000897 0.146872 560
30346 0.000889 0.149229 565
29846 0.000881 0.148192 570
29270 0.000873 0.148008 575
28877 0.000866 0.151226 580
28411 0.000858 0.148353 585
27751 0.000851 0.152572 590
27383 0.000844 0.151217 595
27079 0.000837 0.153733 600
26761 0.000830 0.154253 605
26481 0.000823 0.152402 610
25739 0.000816 0.150931 615
25435 0.000810 0.153588 620
25052 0.000803 0.146995 625
24451 0.000797 0.146996 630
24066 0.000791 0.149126 635
23843 0.000784 0.153974 640
23535 0.000778 0.151082 645
23011 0.000772 0.157123 650
22781 0.000766 0.154237 655
22177 0.000760 0.155231 660
22142 0.000755 0.155123 665
21696 0.000749 0.153071 670
21665 0.000743 0.154148 675
20930 0.000738 0.152098 680
21078 0.000733 0.158435 685
20572 0.000727 0.156855 690
20326 0.000722 0.159573 695
20118 0.000717 0.158494 700
19613 0.000712 0.160025 705
19436 0.000707 0.155887 710
19202 0.000702 0.159283 715
19012 0.000697 0.159665 720
18759 0.000692 0.154555 725
18031 0.000687 0.161069 730
18153 0.000683 0.156340 735
17897 0.000678 0.166275 740
17633 0.000673 0.157822 745
17191 0.000669 0.163008 750
17141 0.000664 0.160243 755
16959 0.000660 0.154855 760
16458 0.000656 0.156354 765
16527 0.000651 0.161348 770
16167 0.000647 0.160720 775
15910 0.000643 0.157728 780
15819 0.000639 0.155909 785
15549 0.000635 0.157805 790
15462 0.000631 0.164114 795
15074 0.000627 0.163338 800
15245 0.000623 0.168782 805
15005 0.000619 0.159039 810
14627 0.000615 0.161550 815
14675 0.000612 0.159117 820
14098 0.000608 0.169041 825
13953 0.000604 0.163929 830
13785 0.000601 0.159362 835
13700 0.000597 0.161645 840
13680 0.000593 0.158572 845
13466 0.000590 0.160466 850
13336 0.000587 0.161545 855
13099 0.000583 0.168060 860
12795 0.000580 0.162188 865
12800 0.000576 0.163899 870
12623 0.000573 0.162416 875
12550 0.000570 0.162442 880
12317 0.000567 0.167612 885
12180 0.000563 0.159786 890
12310 0.000560 0.168652 895
11972 0.000557 0.164026 900
11894 0.000554 0.174703 905
11735 0.000551 0.162839 910
11668 0.000548 0.165420 915
11702 0.000545 0.158209 920
11331 0.000542 0.164798 925
11451 0.000539 0.164111 930
11216 0.000536 0.170574 935
11103 0.000533 0.167825 940
10750 0.000531 0.161631 945
10829 0.000528 0.166379 950
10742 0.000525 0.164637 955
10483 0.000522 0.170778 960
10288 0.000519 0.175962 965
10539 0.000517 0.165418 970
10319 0.000514 0.165571 975
10284 0.000512 0.174000 980
9976 0.000509 0.165144 985
9813 0.000506 0.171407 990
9930 0.000504 0.175425 995
9739 0.000501 0.176318 1000
9681 0.000499 0.165449 1005
9587 0.000496 0.176461 1010
9428 0.000494 0.165067 1015
9281 0.000491 0.177027 1020
8957 0.000489 0.185554 1025
9099 0.000487 0.173312 1030
9225 0.000484 0.175934 1035
8920 0.000482 0.176327 1040
8785 0.000480 0.167111 1045
8726 0.000477 0.171355 1050
8596 0.000475 0.169362 1055
8738 0.000473 0.170256 1060
8390 0.000471 0.176276 1065
8511 0.000468 0.163698 1070
8467 0.000466 0.161926 1075
8280 0.000464 0.164523 1080
8281 0.000462 0.170704 1085
8287 0.000460 0.170798 1090
8175 0.000458 0.171728 1095
8004 0.000456 0.168800 1100
7949 0.000454 0.176600 1105
7911 0.000451 0.180108 1110
7845 0.000449 0.177858 1115
7719 0.000447 0.167830 1120
7676 0.000445 0.173920 1125
7708 0.000443 0.184192 1130
7535 0.000442 0.182323 1135
7434 0.000440 0.170612 1140
7279 0.000438 0.181655 1145
7606 0.000436 0.161801 1150
7299 0.000434 0.173869 1155
7248 0.000432 0.164765 1160
7100 0.000430 0.175418 1165
7139 0.000428 0.174915 1170
7068 0.000426 0.178949 1175
7078 0.000425 0.167812 1180
6908 0.000423 0.173258 1185
6991 0.000421 0.182391 1190
6735 0.000419 0.184954 1195
6833 0.000418 0.180738 1200
6761 0.000416 0.173840 1205
6832 0.000414 0.169358 1210
6728 0.000412 0.173177 1215
6546 0.000411 0.184222 1220
6589 0.000409 0.178149 1225
6454 0.000407 0.182835 1230
6302 0.000406 0.174837 1235
6488 0.000404 0.171320 1240
6234 0.000402 0.171113 1245
6184 0.000401 0.176843 1250
6200 0.000399 0.191634 1255
6025 0.000398 0.183929 1260
6164 0.000396 0.175380 1265
6054 0.000394 0.175567 1270
5806 0.000393 0.180342 1275
5892 0.000391 0.178254 1280
5871 0.000390 0.185672 1285
5812 0.000388 0.177418 1290
5822 0.000387 0.189498 1295
5736 0.000385 0.182442 1300
5691 0.000384 0.186558 1305
5622 0.000382 0.191013 1310
5559 0.000381 0.177393 1315
5623 0.000380 0.190031 1320
5446 0.000378 0.184469 1325
5519 0.000377 0.185667 1330
5419 0.000375 0.194690 1335
5446 0.000374 0.169608 1340
5352 0.000372 0.186849 1345
5308 0.000371 0.188159 1350
5217 0.000370 0.180467 1355
5167 0.000368 0.193976 1360
5169 0.000367 0.187879 1365
5241 0.000366 0.188918 1370
5147 0.000364 0.193766 1375
5000 0.000363 0.190084 1380
5173 0.000362 0.184853 1385
5046 0.000360 0.166467 1390
4854 0.000359 0.193310 1395
5032 0.000358 0.185403 1400
4967 0.000357 0.196691 1405
4937 0.000355 0.189194 1410
4911 0.000354 0.184789 1415
4773 0.000353 0.175639 1420
4744 0.000351 0.186070 1425
4809 0.000350 0.192471 1430
4766 0.000349 0.182290 1435
4689 0.000348 0.183267 1440
4650 0.000347 0.182696 1445
4763 0.000345 0.192064 1450
4547 0.000344 0.206889 1455
4564 0.000343 0.193419 1460
4560 0.000342 0.187395 1465
4447 0.000341 0.195187 1470
4488 0.000340 0.186013 1475
4443 0.000338 0.182705 1480
4395 0.000337 0.179144 1485
4446 0.000336 0.187979 1490
4405 0.000335 0.176310 1495
4298 0.000334 0.173207 1500
4265 0.000333 0.186245 1505
4281 0.000332 0.188957 1510
4200 0.000331 0.176877 1515
4176 0.000329 0.192201 1520
4197 0.000328 0.189322 1525
4171 0.000327 0.193579 1530
4120 0.000326 0.191191 1535
4031 0.000325 0.192402 1540
4094 0.000324 0.182418 1545
3975 0.000323 0.201623 1550
4026 0.000322 0.187148 1555
3937 0.000321 0.176587 1560
3875 0.000320 0.197733 1565
3925 0.000319 0.177700 1570
3983 0.000318 0.206293 1575
3957 0.000317 0.185682 1580
3879 0.000316 0.197108 1585
3770 0.000315 0.179190 1590
3765 0.000314 0.195741 1595
3780 0.000313 0.174209 1600
3688 0.000312 0.175323 1605
3834 0.000311 0.190022 1610
3762 0.000310 0.192257 1615
3643 0.000309 0.201289 1620
3735 0.000308 0.186268 1625
3577 0.000307 0.187834 1630
3640 0.000306 0.202892 1635
3539 0.000305 0.210109 1640
3650 0.000304 0.199666 1645
3585 0.000304 0.184520 1650
3567 0.000303 0.203113 1655
3439 0.000302 0.192355 1660
3605 0.000301 0.188359 1665
3568 0.000300 0.187043 1670
3623 0.000299 0.195276 1675
3420 0.000298 0.185633 1680
3393 0.000297 0.201166 1685
3325 0.000296 0.188112 1690
3476 0.000295 0.195538 1695
3354 0.000295 0.166562 1700
3280 0.000294 0.197373 1705
3451 0.000293 0.197442 1710
3268 0.000292 0.175011 1715
3327 0.000291 0.178495 1720
3323 0.000290 0.193410 1725
3276 0.000289 0.211185 1730
3287 0.000289 0.189866 1735
3172 0.000288 0.213937 1740
3173 0.000287 0.191940 1745
3207 0.000286 0.180963 1750
3020 0.000285 0.180696 1755
3058 0.000285 0.176736 1760
3093 0.000284 0.182273 1765
3101 0.000283 0.193704 1770
3138 0.000282 0.192147 1775
3097 0.000281 0.199109 1780
3040 0.000281 0.191550 1785
3031 0.000280 0.188778 1790
2972 0.000279 0.200805 1795
2971 0.000278 0.189977 1800
2963 0.000277 0.181988 1805
2946 0.000277 0.196096 1810
2944 0.000276 0.190940 1815
2916 0.000275 0.204092 1820
2989 0.000274 0.208406 1825
2945 0.000274 0.202761 1830
2785 0.000273 0.191344 1835
2901 0.000272 0.205220 1840
2879 0.000271 0.222291 1845
2909 0.000271 0.198788 1850
2823 0.000270 0.191800 1855
2778 0.000269 0.210891 1860
2767 0.000268 0.199326 1865
2861 0.000268 0.206058 1870
2801 0.000267 0.189310 1875
2789 0.000266 0.199808 1880
2733 0.000266 0.194747 1885
2751 0.000265 0.195198 1890
2640 0.000264 0.204201 1895
2752 0.000264 0.211685 1900
2678 0.000263 0.191565 1905
2672 0.000262 0.180979 1910
2593 0.000261 0.196753 1915
2701 0.000261 0.203940 1920
2621 0.000260 0.204600 1925
2586 0.000259 0.211181 1930
2627 0.000259 0.189247 1935
2519 0.000258 0.195741 1940
2454 0.000257 0.208676 1945
2464 0.000257 0.172201 1950
2493 0.000256 0.211345 1955
2533 0.000255 0.204469 1960
2529 0.000255 0.210989 1965
2467 0.000254 0.174845 1970
2527 0.000253 0.175573 1975
2488 0.000253 0.207433 1980
2416 0.000252 0.194683 1985
