TOTAL NUMBER OF SNPs
61605


CHROMOSOME 1
 NIND(real sample)=51
 NSNP=30879
 NSNP_calculations=30878
 NSNP_+2alleles=0
 NSNP_zeroes=0
 NSNP_monomorphic=1
 NIND_corrected=51.000000
 freq_MAF=0.009804
 F_dev_HW=0.101079
 G_var_bet_ind=0.550540
 Genetic distances available in map file

CHROMOSOME 2
 NIND(real sample)=51
 NSNP=30727
 NSNP_calculations=30727
 NSNP_+2alleles=0
 NSNP_zeroes=0
 NSNP_monomorphic=0
 NIND_corrected=51.000000
 freq_MAF=0.009804
 F_dev_HW=0.124887
 G_var_bet_ind=0.562443
 Genetic distances available in map file



INPUT FOR GONE


2       Phase (0: pseudohaploids; 1: known phase; 2: unknown phase)
51.000000       sample size (individuals; corrected for zeroes)
0.112954       Hardy-Weinberg deviation
93907419 0.272949 0.038816 2
391416934 0.177019 0.042455 4
150724084 0.102618 0.044862 6
77275887 0.072394 0.045681 8
46685101 0.056014 0.047003 10
62603407 0.041095 0.048366 15
31451108 0.028964 0.051394 20
18894404 0.022407 0.055287 25
12587234 0.018283 0.059475 30
8995621 0.015445 0.062996 35
6753424 0.013372 0.065806 40
5260202 0.011792 0.068019 45
4207583 0.010546 0.070516 50
3446918 0.009538 0.072841 55
2872159 0.008706 0.074914 60
2426140 0.008008 0.077440 65
2082188 0.007414 0.079433 70
1806486 0.006902 0.081920 75
1582136 0.006456 0.083979 80
1396570 0.006064 0.085556 85
1240872 0.005717 0.087495 90
1110917 0.005408 0.089835 95
998938 0.005130 0.091692 100
904524 0.004880 0.092268 105
822693 0.004653 0.094113 110
750742 0.004446 0.096567 115
689414 0.004257 0.097389 120
634635 0.004083 0.098495 125
583881 0.003923 0.099546 130
542473 0.003775 0.100530 135
502975 0.003637 0.102939 140
467688 0.003510 0.103728 145
436972 0.003391 0.104690 150
408771 0.003279 0.106212 155
382909 0.003175 0.107120 160
358659 0.003077 0.108782 165
338758 0.002986 0.109067 170
320588 0.002899 0.109744 175
302591 0.002817 0.111238 180
285710 0.002740 0.112374 185
270507 0.002667 0.112461 190
256886 0.002598 0.113715 195
243353 0.002532 0.114891 200
232393 0.002469 0.115304 205
221671 0.002410 0.115403 210
210441 0.002353 0.116526 215
201040 0.002299 0.118002 220
192889 0.002247 0.118283 225
184317 0.002198 0.119746 230
175804 0.002151 0.120649 235
168849 0.002105 0.121399 240
162071 0.002062 0.121596 245
155418 0.002020 0.123534 250
149331 0.001980 0.122940 255
143837 0.001942 0.123228 260
138317 0.001905 0.125812 265
132681 0.001869 0.125668 270
128506 0.001835 0.124656 275
123893 0.001802 0.124670 280
119031 0.001770 0.127054 285
115523 0.001739 0.128394 290
110872 0.001709 0.127165 295
107938 0.001681 0.127474 300
103728 0.001653 0.127801 305
101056 0.001626 0.128857 310
97999 0.001600 0.129565 315
94234 0.001575 0.130559 320
91748 0.001550 0.132648 325
88405 0.001527 0.132315 330
85923 0.001504 0.131850 335
82920 0.001482 0.132728 340
81671 0.001460 0.130519 345
79124 0.001439 0.133470 350
76418 0.001418 0.135399 355
74633 0.001399 0.134315 360
72932 0.001379 0.136339 365
70555 0.001361 0.136298 370
68535 0.001342 0.134207 375
66511 0.001325 0.135807 380
64653 0.001307 0.137938 385
63489 0.001290 0.139254 390
61986 0.001274 0.136543 395
60810 0.001258 0.138002 400
58355 0.001242 0.141183 405
57166 0.001227 0.134817 410
55767 0.001212 0.141011 415
54638 0.001198 0.141826 420
53278 0.001183 0.141194 425
52333 0.001170 0.140667 430
50942 0.001156 0.142812 435
49615 0.001143 0.138672 440
48919 0.001130 0.142929 445
47757 0.001117 0.140638 450
46406 0.001105 0.144369 455
45719 0.001093 0.143595 460
44937 0.001081 0.141597 465
43689 0.001070 0.145755 470
42394 0.001058 0.145196 475
41790 0.001047 0.144206 480
41134 0.001036 0.143884 485
40110 0.001026 0.145352 490
39602 0.001015 0.148181 495
38683 0.001005 0.141865 500
37243 0.000995 0.144834 505
37266 0.000985 0.147098 510
36497 0.000976 0.146656 515
35612 0.000966 0.147430 520
34624 0.000957 0.145209 525
34383 0.000948 0.147848 530
33529 0.000939 0.151965 535
32786 0.000930 0.146733 540
32311 0.000922 0.151451 545
31378 0.000913 0.147826 550
31299 0.000905 0.151250 555
30774 0.000897 0.142498 560
30053 0.000889 0.149907 565
29612 0.000881 0.153836 570
29097 0.000873 0.147575 575
28810 0.000866 0.156266 580
27866 0.000858 0.151005 585
27759 0.000851 0.150915 590
27097 0.000844 0.149227 595
26931 0.000837 0.151216 600
26265 0.000830 0.147724 605
25758 0.000823 0.152480 610
25647 0.000816 0.149774 615
25165 0.000810 0.153881 620
24937 0.000803 0.149417 625
24228 0.000797 0.154660 630
23987 0.000791 0.147275 635
23577 0.000784 0.153095 640
23342 0.000778 0.155574 645
22606 0.000772 0.151609 650
22381 0.000766 0.151522 655
22375 0.000760 0.156785 660
21770 0.000755 0.155718 665
21286 0.000749 0.157695 670
21003 0.000743 0.157555 675
20740 0.000738 0.151270 680
20274 0.000733 0.153736 685
20144 0.000727 0.155194 690
19632 0.000722 0.161722 695
19439 0.000717 0.157860 700
19382 0.000712 0.159925 705
19379 0.000707 0.155168 710
18562 0.000702 0.150307 715
18699 0.000697 0.154206 720
18460 0.000692 0.156554 725
17953 0.000687 0.158871 730
17956 0.000683 0.160455 735
17361 0.000678 0.160397 740
17135 0.000673 0.158689 745
17248 0.000669 0.160496 750
16774 0.000664 0.152482 755
16502 0.000660 0.160514 760
16396 0.000656 0.160383 765
16257 0.000651 0.159246 770
16091 0.000647 0.160220 775
15893 0.000643 0.161500 780
15578 0.000639 0.153404 785
15421 0.000635 0.156444 790
15203 0.000631 0.162734 795
14974 0.000627 0.164418 800
14768 0.000623 0.160113 805
14487 0.000619 0.168607 810
14673 0.000615 0.163200 815
14415 0.000612 0.161748 820
14242 0.000608 0.158020 825
13699 0.000604 0.157668 830
14033 0.000601 0.158344 835
13615 0.000597 0.160452 840
13368 0.000593 0.162122 845
13246 0.000590 0.170404 850
13120 0.000587 0.164382 855
12893 0.000583 0.171363 860
12649 0.000580 0.164813 865
12675 0.000576 0.167691 870
12522 0.000573 0.170331 875
12551 0.000570 0.161023 880
12268 0.000567 0.166163 885
12102 0.000563 0.159745 890
12090 0.000560 0.168369 895
12028 0.000557 0.166225 900
11847 0.000554 0.168736 905
11776 0.000551 0.166253 910
11507 0.000548 0.170544 915
11363 0.000545 0.158598 920
11092 0.000542 0.177757 925
11035 0.000539 0.170947 930
10905 0.000536 0.172838 935
10789 0.000533 0.169542 940
10677 0.000531 0.181309 945
10702 0.000528 0.166095 950
10517 0.000525 0.171840 955
10330 0.000522 0.173984 960
10323 0.000520 0.171500 965
10370 0.000517 0.174453 970
9978 0.000514 0.172316 975
10118 0.000512 0.163996 980
9838 0.000509 0.162128 985
9743 0.000506 0.168454 990
9721 0.000504 0.172389 995
9642 0.000501 0.160036 1000
9564 0.000499 0.175260 1005
9539 0.000496 0.157834 1010
9245 0.000494 0.175409 1015
9181 0.000491 0.173328 1020
9105 0.000489 0.173196 1025
9103 0.000487 0.165482 1030
8894 0.000484 0.171663 1035
8737 0.000482 0.169488 1040
8873 0.000480 0.173904 1045
8889 0.000477 0.175051 1050
8383 0.000475 0.175174 1055
8478 0.000473 0.171018 1060
8409 0.000471 0.165697 1065
8490 0.000468 0.181847 1070
8263 0.000466 0.167821 1075
8118 0.000464 0.163509 1080
7967 0.000462 0.182186 1085
8103 0.000460 0.173732 1090
8052 0.000458 0.172929 1095
7813 0.000456 0.172667 1100
7865 0.000454 0.168321 1105
7662 0.000451 0.181119 1110
7647 0.000449 0.179606 1115
7703 0.000447 0.180733 1120
7656 0.000445 0.177236 1125
7544 0.000443 0.184442 1130
7531 0.000442 0.173370 1135
7426 0.000440 0.168783 1140
7317 0.000438 0.183719 1145
7232 0.000436 0.175829 1150
7155 0.000434 0.177392 1155
7137 0.000432 0.185072 1160
7109 0.000430 0.164688 1165
6880 0.000428 0.176358 1170
6827 0.000426 0.191418 1175
6961 0.000425 0.176793 1180
6990 0.000423 0.180835 1185
6650 0.000421 0.171295 1190
6583 0.000419 0.176204 1195
6690 0.000418 0.183477 1200
6468 0.000416 0.188144 1205
6525 0.000414 0.180300 1210
6552 0.000412 0.180554 1215
6480 0.000411 0.177019 1220
6380 0.000409 0.179102 1225
6488 0.000407 0.184042 1230
6262 0.000406 0.183517 1235
6315 0.000404 0.181002 1240
6057 0.000402 0.180875 1245
6094 0.000401 0.196369 1250
6237 0.000399 0.176909 1255
5925 0.000398 0.181836 1260
5955 0.000396 0.188579 1265
5964 0.000394 0.188243 1270
5786 0.000393 0.175758 1275
5961 0.000391 0.185718 1280
5700 0.000390 0.186996 1285
5903 0.000388 0.178501 1290
5661 0.000387 0.184595 1295
5740 0.000385 0.183036 1300
5677 0.000384 0.173762 1305
5508 0.000382 0.173641 1310
5558 0.000381 0.179801 1315
5445 0.000380 0.183182 1320
5516 0.000378 0.192279 1325
5531 0.000377 0.179384 1330
5362 0.000375 0.186396 1335
5349 0.000374 0.178327 1340
5411 0.000372 0.188247 1345
5306 0.000371 0.188722 1350
5150 0.000370 0.189356 1355
5152 0.000368 0.168965 1360
5272 0.000367 0.183893 1365
5108 0.000366 0.188381 1370
5109 0.000364 0.180661 1375
5018 0.000363 0.177849 1380
4947 0.000362 0.186343 1385
4817 0.000360 0.188222 1390
4900 0.000359 0.181122 1395
4789 0.000358 0.182257 1400
4932 0.000357 0.188321 1405
4824 0.000355 0.182448 1410
4733 0.000354 0.187574 1415
4712 0.000353 0.188240 1420
4775 0.000352 0.179701 1425
4669 0.000350 0.192055 1430
4671 0.000349 0.192283 1435
4624 0.000348 0.194427 1440
4620 0.000347 0.188824 1445
4535 0.000345 0.192408 1450
4636 0.000344 0.175523 1455
4610 0.000343 0.195981 1460
4336 0.000342 0.205574 1465
4598 0.000341 0.191870 1470
4286 0.000340 0.197630 1475
4353 0.000338 0.175865 1480
4378 0.000337 0.188664 1485
4429 0.000336 0.205849 1490
4199 0.000335 0.193489 1495
4258 0.000334 0.180514 1500
4238 0.000333 0.202748 1505
4193 0.000332 0.198260 1510
4097 0.000331 0.197878 1515
4196 0.000330 0.196040 1520
4139 0.000328 0.182352 1525
4090 0.000327 0.188049 1530
4151 0.000326 0.200134 1535
3935 0.000325 0.202141 1540
4045 0.000324 0.198547 1545
3955 0.000323 0.198850 1550
3972 0.000322 0.182838 1555
3945 0.000321 0.186149 1560
3897 0.000320 0.195019 1565
3881 0.000319 0.183339 1570
3815 0.000318 0.187898 1575
3863 0.000317 0.186166 1580
3844 0.000316 0.210735 1585
3719 0.000315 0.187115 1590
3774 0.000314 0.187646 1595
3643 0.000313 0.200689 1600
3781 0.000312 0.190151 1605
3764 0.000311 0.190684 1610
3714 0.000310 0.188622 1615
3614 0.000309 0.185679 1620
3528 0.000308 0.198408 1625
3557 0.000307 0.196966 1630
3618 0.000306 0.213430 1635
3525 0.000305 0.204425 1640
3614 0.000304 0.206323 1645
3517 0.000303 0.202985 1650
3473 0.000303 0.198947 1655
3468 0.000302 0.194060 1660
3445 0.000301 0.184188 1665
3415 0.000300 0.192430 1670
3397 0.000299 0.189591 1675
3368 0.000298 0.192607 1680
3315 0.000297 0.197917 1685
3482 0.000296 0.195376 1690
3390 0.000295 0.197194 1695
3295 0.000295 0.204801 1700
3250 0.000294 0.178545 1705
3211 0.000293 0.194838 1710
3342 0.000292 0.188586 1715
3328 0.000291 0.199305 1720
3287 0.000290 0.189801 1725
3190 0.000289 0.188089 1730
3235 0.000289 0.207294 1735
3091 0.000288 0.206981 1740
3118 0.000287 0.191708 1745
3062 0.000286 0.185466 1750
3041 0.000285 0.224782 1755
3166 0.000284 0.195687 1760
3091 0.000284 0.196625 1765
3059 0.000283 0.200924 1770
3152 0.000282 0.202497 1775
2997 0.000281 0.202180 1780
2979 0.000280 0.188154 1785
3110 0.000280 0.200238 1790
2921 0.000279 0.203706 1795
2858 0.000278 0.211966 1800
2900 0.000277 0.186094 1805
2943 0.000277 0.198203 1810
2918 0.000276 0.216387 1815
2870 0.000275 0.189277 1820
2858 0.000274 0.200207 1825
2848 0.000274 0.204257 1830
2797 0.000273 0.211654 1835
2807 0.000272 0.198467 1840
2692 0.000271 0.190344 1845
2717 0.000271 0.194861 1850
2822 0.000270 0.185473 1855
2816 0.000269 0.209502 1860
2756 0.000268 0.190180 1865
2738 0.000268 0.194734 1870
2821 0.000267 0.210430 1875
2705 0.000266 0.214185 1880
2822 0.000266 0.161110 1885
2689 0.000265 0.197788 1890
2748 0.000264 0.187722 1895
2646 0.000264 0.210193 1900
2580 0.000263 0.195585 1905
2633 0.000262 0.185574 1910
2568 0.000261 0.219580 1915
2631 0.000261 0.207786 1920
2536 0.000260 0.191890 1925
2548 0.000259 0.203402 1930
2473 0.000259 0.198941 1935
2595 0.000258 0.190860 1940
2483 0.000257 0.203783 1945
2518 0.000257 0.220122 1950
2411 0.000256 0.203386 1955
2453 0.000255 0.205684 1960
2591 0.000255 0.199255 1965
2489 0.000254 0.191830 1970
2615 0.000253 0.191338 1975
2373 0.000253 0.212951 1980
2390 0.000252 0.202375 1985
