TOTAL NUMBER OF SNPs
62463


CHROMOSOME 1
 NIND(real sample)=51
 NSNP=32371
 NSNP_calculations=32369
 NSNP_+2alleles=0
 NSNP_zeroes=0
 NSNP_monomorphic=2
 NIND_corrected=51.000000
 freq_MAF=0.009804
 F_dev_HW=0.096256
 G_var_bet_ind=0.548128
 Genetic distances available in map file

CHROMOSOME 2
 NIND(real sample)=51
 NSNP=30096
 NSNP_calculations=30094
 NSNP_+2alleles=0
 NSNP_zeroes=0
 NSNP_monomorphic=2
 NIND_corrected=51.000000
 freq_MAF=0.009804
 F_dev_HW=0.132967
 G_var_bet_ind=0.566484
 Genetic distances available in map file



INPUT FOR GONE


2       Phase (0: pseudohaploids; 1: known phase; 2: unknown phase)
51.000000       sample size (individuals; corrected for zeroes)
0.113943       Hardy-Weinberg deviation
93108698 0.272709 0.037613 2
403444112 0.176517 0.038505 4
156565792 0.102647 0.040991 6
79826953 0.072401 0.041729 8
48380839 0.056010 0.042707 10
64910233 0.041097 0.045211 15
32560470 0.028965 0.048832 20
19560669 0.022407 0.052214 25
13043427 0.018283 0.055184 30
9322509 0.015446 0.058510 35
6983554 0.013373 0.061900 40
5423285 0.011792 0.064780 45
4346317 0.010546 0.067175 50
3555357 0.009538 0.069703 55
2962565 0.008706 0.072311 60
2512389 0.008009 0.074132 65
2148716 0.007414 0.076527 70
1864412 0.006902 0.078168 75
1631180 0.006456 0.080254 80
1438838 0.006065 0.081933 85
1280740 0.005718 0.083884 90
1145579 0.005408 0.085324 95
1031843 0.005130 0.087681 100
931840 0.004880 0.088620 105
846549 0.004653 0.090691 110
773495 0.004446 0.092634 115
709702 0.004256 0.093060 120
652377 0.004083 0.094877 125
603712 0.003923 0.095627 130
558617 0.003775 0.096551 135
519690 0.003637 0.098216 140
482436 0.003509 0.099069 145
450758 0.003390 0.100386 150
421500 0.003279 0.101316 155
395565 0.003175 0.102084 160
371158 0.003078 0.103070 165
350478 0.002985 0.104228 170
329074 0.002899 0.104927 175
311775 0.002817 0.106263 180
293836 0.002740 0.107189 185
279158 0.002667 0.108734 190
265026 0.002598 0.109899 195
250845 0.002532 0.110379 200
239080 0.002469 0.111533 205
227536 0.002410 0.112308 210
217121 0.002353 0.112725 215
207291 0.002299 0.113872 220
197568 0.002247 0.114413 225
189742 0.002198 0.115373 230
181230 0.002151 0.116453 235
173204 0.002105 0.116994 240
167123 0.002062 0.115440 245
160056 0.002020 0.117024 250
154117 0.001980 0.118786 255
147679 0.001942 0.117874 260
142136 0.001905 0.120219 265
136562 0.001869 0.119595 270
131978 0.001835 0.120675 275
127265 0.001802 0.120523 280
122817 0.001770 0.122267 285
118526 0.001739 0.123469 290
114374 0.001709 0.123236 295
111024 0.001681 0.121031 300
106727 0.001653 0.122109 305
104107 0.001626 0.124616 310
100184 0.001600 0.124975 315
96945 0.001575 0.125677 320
94335 0.001550 0.126745 325
91812 0.001527 0.124345 330
88978 0.001504 0.126532 335
85907 0.001482 0.127393 340
83810 0.001460 0.128405 345
81571 0.001439 0.127791 350
78977 0.001418 0.130620 355
76742 0.001399 0.130463 360
74460 0.001379 0.132019 365
73025 0.001361 0.131272 370
70590 0.001342 0.131851 375
69007 0.001325 0.134360 380
66859 0.001307 0.131206 385
64930 0.001290 0.131071 390
63746 0.001274 0.133804 395
62024 0.001258 0.132534 400
60556 0.001242 0.133337 405
58755 0.001227 0.134541 410
57760 0.001212 0.132494 415
56291 0.001198 0.133535 420
54867 0.001183 0.135126 425
53706 0.001170 0.134404 430
52222 0.001156 0.134482 435
51113 0.001143 0.134948 440
50394 0.001130 0.135781 445
49013 0.001117 0.133734 450
48189 0.001105 0.136020 455
47062 0.001093 0.141205 460
45679 0.001081 0.141089 465
44642 0.001070 0.142066 470
44016 0.001058 0.136524 475
43146 0.001047 0.139740 480
42186 0.001036 0.137721 485
41295 0.001026 0.139792 490
40627 0.001015 0.137042 495
39532 0.001005 0.136181 500
38801 0.000995 0.135617 505
37926 0.000985 0.139236 510
37342 0.000976 0.139657 515
36883 0.000966 0.142832 520
36031 0.000957 0.143804 525
35527 0.000948 0.139326 530
34869 0.000939 0.137311 535
33917 0.000930 0.140955 540
33271 0.000922 0.141991 545
32766 0.000913 0.142140 550
31963 0.000905 0.145812 555
31532 0.000897 0.141692 560
30728 0.000889 0.145176 565
30592 0.000881 0.143793 570
29951 0.000873 0.141265 575
29639 0.000866 0.143661 580
29077 0.000858 0.154337 585
28286 0.000851 0.144419 590
28090 0.000844 0.146176 595
27700 0.000837 0.151185 600
27018 0.000830 0.147160 605
26686 0.000823 0.148689 610
26412 0.000816 0.139682 615
25471 0.000810 0.144027 620
25178 0.000803 0.149495 625
24953 0.000797 0.147904 630
24750 0.000791 0.148832 635
24208 0.000784 0.149943 640
24014 0.000778 0.148362 645
23407 0.000772 0.150646 650
22983 0.000766 0.150442 655
22809 0.000760 0.142868 660
22504 0.000755 0.152578 665
22472 0.000749 0.151352 670
21859 0.000743 0.148100 675
21231 0.000738 0.154034 680
21115 0.000733 0.145850 685
20509 0.000727 0.150995 690
20341 0.000722 0.147486 695
20187 0.000717 0.156968 700
19772 0.000712 0.151505 705
19462 0.000707 0.153224 710
19570 0.000702 0.150439 715
18992 0.000697 0.155094 720
18904 0.000692 0.153225 725
18396 0.000687 0.150579 730
18287 0.000683 0.151952 735
18251 0.000678 0.150248 740
18061 0.000673 0.154726 745
17634 0.000669 0.153018 750
17566 0.000664 0.150706 755
17033 0.000660 0.153466 760
17032 0.000656 0.154559 765
16720 0.000651 0.153086 770
16564 0.000647 0.157392 775
16257 0.000643 0.162004 780
16157 0.000639 0.150428 785
16054 0.000635 0.154484 790
15575 0.000631 0.157282 795
15435 0.000627 0.155276 800
15078 0.000623 0.157795 805
15037 0.000619 0.152104 810
15018 0.000615 0.161027 815
14913 0.000612 0.156730 820
14483 0.000608 0.158749 825
14420 0.000604 0.152849 830
14169 0.000601 0.158738 835
14044 0.000597 0.161547 840
13654 0.000593 0.161736 845
13706 0.000590 0.161269 850
13533 0.000587 0.167002 855
13445 0.000583 0.154732 860
13171 0.000580 0.161948 865
13041 0.000576 0.162165 870
13063 0.000573 0.159178 875
12718 0.000570 0.154244 880
12717 0.000567 0.165572 885
12456 0.000563 0.161533 890
12285 0.000560 0.165351 895
12103 0.000557 0.151519 900
11930 0.000554 0.161887 905
11812 0.000551 0.167845 910
11877 0.000548 0.161957 915
11777 0.000545 0.164070 920
11478 0.000542 0.166095 925
11596 0.000539 0.166212 930
11366 0.000536 0.153873 935
11215 0.000533 0.159303 940
11149 0.000531 0.163003 945
10994 0.000528 0.163790 950
10992 0.000525 0.173911 955
10714 0.000522 0.166961 960
10447 0.000519 0.161651 965
10522 0.000517 0.160100 970
10440 0.000514 0.163738 975
10421 0.000512 0.168833 980
10067 0.000509 0.173494 985
10078 0.000506 0.167272 990
9912 0.000504 0.168163 995
9938 0.000501 0.165642 1000
9684 0.000499 0.157264 1005
9712 0.000496 0.166222 1010
9631 0.000494 0.165129 1015
9558 0.000491 0.174450 1020
9296 0.000489 0.162891 1025
9244 0.000487 0.169167 1030
9406 0.000484 0.157772 1035
9097 0.000482 0.165202 1040
9089 0.000480 0.175350 1045
8991 0.000477 0.169481 1050
8819 0.000475 0.172853 1055
8795 0.000473 0.163930 1060
8840 0.000471 0.167948 1065
8663 0.000468 0.165875 1070
8559 0.000466 0.173637 1075
8502 0.000464 0.169570 1080
8349 0.000462 0.186258 1085
8325 0.000460 0.162389 1090
8233 0.000458 0.174191 1095
8250 0.000456 0.166165 1100
8040 0.000454 0.159973 1105
8152 0.000451 0.174850 1110
7936 0.000449 0.178002 1115
7975 0.000447 0.164203 1120
7822 0.000445 0.174150 1125
7715 0.000443 0.167102 1130
7673 0.000442 0.171462 1135
7685 0.000440 0.166864 1140
7508 0.000438 0.167398 1145
7552 0.000436 0.175644 1150
7419 0.000434 0.173878 1155
7497 0.000432 0.172859 1160
7332 0.000430 0.181391 1165
7165 0.000428 0.170008 1170
7401 0.000426 0.169852 1175
7136 0.000425 0.180631 1180
6964 0.000423 0.168696 1185
7037 0.000421 0.180613 1190
6807 0.000419 0.179316 1195
6791 0.000418 0.172954 1200
6741 0.000416 0.175533 1205
6834 0.000414 0.166717 1210
6742 0.000412 0.166019 1215
6650 0.000411 0.171819 1220
6438 0.000409 0.180231 1225
6505 0.000407 0.169438 1230
6337 0.000406 0.171209 1235
6387 0.000404 0.198292 1240
6413 0.000402 0.175669 1245
6218 0.000401 0.176232 1250
6302 0.000399 0.173473 1255
6191 0.000398 0.174843 1260
6058 0.000396 0.170607 1265
6211 0.000394 0.180773 1270
6132 0.000393 0.180233 1275
6135 0.000391 0.186425 1280
5946 0.000390 0.184594 1285
5828 0.000388 0.179853 1290
5941 0.000387 0.168365 1295
5773 0.000385 0.172810 1300
5938 0.000384 0.192045 1305
5821 0.000382 0.180339 1310
5812 0.000381 0.182589 1315
5648 0.000380 0.172955 1320
5598 0.000378 0.179913 1325
5573 0.000377 0.177523 1330
5626 0.000375 0.177102 1335
5526 0.000374 0.170574 1340
5597 0.000372 0.175271 1345
5519 0.000371 0.178058 1350
5348 0.000370 0.180528 1355
5338 0.000368 0.191505 1360
5233 0.000367 0.184077 1365
5373 0.000366 0.183697 1370
5257 0.000364 0.173478 1375
5199 0.000363 0.184324 1380
5201 0.000362 0.175834 1385
5033 0.000360 0.179417 1390
5151 0.000359 0.173192 1395
5033 0.000358 0.198264 1400
5052 0.000357 0.177562 1405
4944 0.000355 0.176067 1410
4942 0.000354 0.185371 1415
4935 0.000353 0.173062 1420
4822 0.000351 0.178143 1425
4818 0.000350 0.183542 1430
4749 0.000349 0.187219 1435
4771 0.000348 0.185624 1440
4777 0.000347 0.169080 1445
4748 0.000345 0.186317 1450
4687 0.000344 0.178359 1455
4652 0.000343 0.187526 1460
4474 0.000342 0.180169 1465
4578 0.000341 0.177751 1470
4510 0.000340 0.184375 1475
4449 0.000338 0.178738 1480
4564 0.000337 0.180798 1485
4414 0.000336 0.193150 1490
4433 0.000335 0.170027 1495
4321 0.000334 0.173582 1500
4339 0.000333 0.172324 1505
4364 0.000332 0.183738 1510
4310 0.000331 0.174570 1515
4363 0.000329 0.187988 1520
4252 0.000328 0.184744 1525
4197 0.000327 0.181711 1530
4183 0.000326 0.187629 1535
4138 0.000325 0.183820 1540
4140 0.000324 0.181889 1545
4015 0.000323 0.182877 1550
4091 0.000322 0.197424 1555
4070 0.000321 0.181057 1560
4080 0.000320 0.176156 1565
4037 0.000319 0.178718 1570
3955 0.000318 0.195680 1575
3904 0.000317 0.183822 1580
4069 0.000316 0.192909 1585
3890 0.000315 0.184807 1590
3859 0.000314 0.195200 1595
3864 0.000313 0.197599 1600
3884 0.000312 0.198160 1605
3853 0.000311 0.194855 1610
3855 0.000310 0.193310 1615
4006 0.000309 0.192704 1620
3726 0.000308 0.185487 1625
3652 0.000307 0.177768 1630
3756 0.000306 0.170406 1635
3672 0.000305 0.192958 1640
3675 0.000304 0.197025 1645
3593 0.000303 0.191798 1650
3699 0.000303 0.177948 1655
3610 0.000302 0.192545 1660
3655 0.000301 0.199177 1665
3571 0.000300 0.208669 1670
3524 0.000299 0.192378 1675
3604 0.000298 0.191672 1680
3449 0.000297 0.183875 1685
3451 0.000296 0.199151 1690
3318 0.000295 0.196654 1695
3364 0.000295 0.181850 1700
3471 0.000294 0.192634 1705
3389 0.000293 0.185747 1710
3385 0.000292 0.207132 1715
3348 0.000291 0.191823 1720
3354 0.000290 0.190617 1725
3174 0.000289 0.186438 1730
3248 0.000289 0.190350 1735
3347 0.000288 0.176812 1740
3264 0.000287 0.179250 1745
3222 0.000286 0.182005 1750
3300 0.000285 0.193348 1755
3159 0.000284 0.191846 1760
3198 0.000284 0.203100 1765
3079 0.000283 0.184995 1770
3211 0.000282 0.199683 1775
3148 0.000281 0.190359 1780
3059 0.000281 0.191127 1785
3124 0.000280 0.169236 1790
3140 0.000279 0.186110 1795
2997 0.000278 0.196538 1800
3135 0.000277 0.195587 1805
3096 0.000277 0.191417 1810
3054 0.000276 0.193316 1815
3042 0.000275 0.181663 1820
2984 0.000274 0.202250 1825
2982 0.000274 0.200431 1830
2853 0.000273 0.181849 1835
2952 0.000272 0.193448 1840
2966 0.000271 0.202286 1845
2932 0.000271 0.190180 1850
2830 0.000270 0.196081 1855
2955 0.000269 0.184538 1860
2825 0.000268 0.193437 1865
2719 0.000268 0.194462 1870
2849 0.000267 0.190679 1875
2810 0.000266 0.185291 1880
2787 0.000266 0.188423 1885
2743 0.000265 0.200212 1890
2724 0.000264 0.185930 1895
2765 0.000264 0.187714 1900
2644 0.000263 0.189573 1905
2807 0.000262 0.185017 1910
2610 0.000261 0.195943 1915
2618 0.000261 0.193807 1920
2625 0.000260 0.211255 1925
2594 0.000259 0.196209 1930
2678 0.000259 0.235425 1935
2649 0.000258 0.224946 1940
2627 0.000257 0.218861 1945
2618 0.000257 0.215414 1950
2668 0.000256 0.198974 1955
2520 0.000255 0.183078 1960
2530 0.000255 0.189866 1965
2623 0.000254 0.209173 1970
2601 0.000253 0.195311 1975
2524 0.000253 0.202362 1980
2519 0.000252 0.213594 1985
