TOTAL NUMBER OF SNPs
61725


CHROMOSOME 1
 NIND(real sample)=51
 NSNP=30963
 NSNP_calculations=30963
 NSNP_+2alleles=0
 NSNP_zeroes=0
 NSNP_monomorphic=0
 NIND_corrected=51.000000
 freq_MAF=0.009804
 F_dev_HW=0.144534
 G_var_bet_ind=0.572267
 Genetic distances available in map file

CHROMOSOME 2
 NIND(real sample)=51
 NSNP=30763
 NSNP_calculations=30762
 NSNP_+2alleles=0
 NSNP_zeroes=0
 NSNP_monomorphic=1
 NIND_corrected=51.000000
 freq_MAF=0.009804
 F_dev_HW=0.092286
 G_var_bet_ind=0.546143
 Genetic distances available in map file



INPUT FOR GONE


2       Phase (0: pseudohaploids; 1: known phase; 2: unknown phase)
51.000000       sample size (individuals; corrected for zeroes)
0.118495       Hardy-Weinberg deviation
91251417 0.272505 0.040893 2
393162444 0.176845 0.039172 4
152081338 0.102615 0.039714 6
78057727 0.072393 0.041269 8
47276535 0.056013 0.042743 10
63329769 0.041099 0.044208 15
31775726 0.028967 0.047319 20
19078332 0.022407 0.050708 25
12734200 0.018283 0.053704 30
9098856 0.015446 0.056483 35
6821670 0.013373 0.058988 40
5296248 0.011792 0.061815 45
4244555 0.010545 0.065067 50
3474055 0.009538 0.067814 55
2894531 0.008707 0.070433 60
2450592 0.008008 0.072987 65
2100393 0.007414 0.075159 70
1820555 0.006902 0.077743 75
1595048 0.006456 0.080120 80
1404845 0.006064 0.082441 85
1248956 0.005717 0.084362 90
1119958 0.005408 0.086127 95
1007538 0.005130 0.087881 100
910031 0.004880 0.089031 105
826996 0.004653 0.090666 110
754156 0.004446 0.092327 115
692523 0.004257 0.094463 120
635748 0.004083 0.096323 125
588393 0.003922 0.096964 130
543115 0.003774 0.098221 135
505854 0.003637 0.098852 140
472164 0.003509 0.099764 145
439909 0.003390 0.101865 150
411474 0.003279 0.103182 155
385893 0.003175 0.104291 160
362511 0.003077 0.104221 165
341479 0.002986 0.106336 170
321120 0.002899 0.106650 175
303339 0.002817 0.107298 180
287621 0.002740 0.110014 185
272526 0.002667 0.109582 190
258122 0.002598 0.110827 195
245327 0.002532 0.111402 200
233374 0.002469 0.111718 205
222306 0.002410 0.113002 210
211977 0.002353 0.115771 215
202137 0.002299 0.114613 220
192796 0.002247 0.115202 225
183535 0.002198 0.116578 230
175596 0.002151 0.117551 235
169268 0.002105 0.117956 240
162388 0.002062 0.120448 245
156632 0.002020 0.118688 250
150230 0.001980 0.120855 255
143831 0.001942 0.119879 260
138481 0.001905 0.120687 265
133537 0.001869 0.118887 270
128569 0.001835 0.120507 275
124680 0.001802 0.122773 280
119862 0.001770 0.125666 285
115861 0.001739 0.122463 290
112199 0.001709 0.123381 295
108100 0.001681 0.127249 300
104398 0.001653 0.126718 305
101551 0.001626 0.124653 310
98339 0.001600 0.126127 315
94937 0.001575 0.126754 320
92251 0.001550 0.124796 325
89014 0.001527 0.127667 330
86912 0.001504 0.129395 335
84538 0.001482 0.129471 340
81637 0.001460 0.128742 345
79244 0.001439 0.129615 350
76866 0.001418 0.129115 355
74863 0.001399 0.129079 360
72948 0.001379 0.130536 365
70665 0.001361 0.130390 370
69068 0.001342 0.129817 375
67134 0.001325 0.133532 380
65420 0.001307 0.133488 385
63991 0.001290 0.130601 390
62552 0.001274 0.135904 395
60827 0.001258 0.135565 400
59097 0.001242 0.135630 405
58116 0.001227 0.134751 410
56327 0.001212 0.135785 415
55313 0.001198 0.136407 420
53736 0.001183 0.136356 425
52669 0.001170 0.138378 430
51109 0.001156 0.138263 435
49520 0.001143 0.138381 440
48394 0.001130 0.137274 445
47668 0.001117 0.136792 450
46931 0.001105 0.141118 455
45740 0.001093 0.139844 460
44962 0.001081 0.139494 465
43758 0.001070 0.138871 470
43105 0.001058 0.139438 475
42195 0.001047 0.142967 480
41399 0.001036 0.142907 485
40160 0.001026 0.142000 490
39444 0.001015 0.141692 495
38429 0.001005 0.142199 500
38154 0.000995 0.141009 505
37276 0.000985 0.142565 510
36789 0.000976 0.142238 515
35657 0.000966 0.144104 520
35175 0.000957 0.140429 525
34460 0.000948 0.143080 530
34129 0.000939 0.146813 535
33232 0.000930 0.149003 540
32462 0.000922 0.145596 545
31957 0.000913 0.145990 550
31665 0.000905 0.146371 555
30748 0.000897 0.144181 560
30581 0.000889 0.151319 565
29948 0.000881 0.150609 570
28981 0.000873 0.145527 575
29237 0.000866 0.149213 580
28038 0.000858 0.149145 585
27726 0.000851 0.148826 590
27201 0.000844 0.150648 595
26960 0.000837 0.150217 600
26496 0.000830 0.149668 605
25996 0.000823 0.146929 610
25604 0.000816 0.150725 615
25129 0.000810 0.152134 620
25101 0.000803 0.148478 625
24201 0.000797 0.154057 630
23868 0.000791 0.149217 635
23828 0.000784 0.154181 640
23404 0.000778 0.149945 645
22914 0.000772 0.151737 650
22363 0.000766 0.153463 655
22187 0.000760 0.153064 660
21698 0.000755 0.153084 665
21330 0.000749 0.150993 670
20980 0.000744 0.152421 675
20819 0.000738 0.150031 680
20108 0.000733 0.155061 685
20462 0.000727 0.150452 690
19932 0.000722 0.156198 695
19575 0.000717 0.152296 700
19233 0.000712 0.148527 705
19064 0.000707 0.155405 710
18736 0.000702 0.152373 715
18445 0.000697 0.159239 720
18187 0.000692 0.157929 725
18250 0.000687 0.157128 730
17958 0.000683 0.155618 735
17458 0.000678 0.155377 740
17287 0.000673 0.157463 745
17154 0.000669 0.151417 750
17083 0.000664 0.163615 755
16582 0.000660 0.154031 760
16731 0.000656 0.151334 765
16235 0.000651 0.160704 770
16059 0.000647 0.157338 775
15912 0.000643 0.158419 780
16004 0.000639 0.156296 785
15498 0.000635 0.152183 790
15243 0.000631 0.155043 795
15132 0.000627 0.164132 800
14660 0.000623 0.160762 805
14674 0.000619 0.156960 810
14521 0.000615 0.151946 815
14324 0.000612 0.166055 820
14170 0.000608 0.166748 825
13981 0.000604 0.165679 830
13817 0.000601 0.167225 835
13801 0.000597 0.163225 840
13562 0.000593 0.161863 845
13351 0.000590 0.156196 850
13483 0.000587 0.155307 855
13094 0.000583 0.161001 860
12758 0.000580 0.165608 865
12828 0.000576 0.161975 870
12632 0.000573 0.164879 875
12412 0.000570 0.164172 880
12423 0.000567 0.162811 885
12175 0.000563 0.162402 890
12072 0.000560 0.166011 895
12063 0.000557 0.156076 900
11985 0.000554 0.165092 905
11676 0.000551 0.167165 910
11553 0.000548 0.164154 915
11461 0.000545 0.165645 920
11294 0.000542 0.163537 925
11378 0.000539 0.159180 930
10932 0.000536 0.169979 935
10965 0.000533 0.167041 940
10747 0.000531 0.164019 945
10917 0.000528 0.163919 950
10532 0.000525 0.167231 955
10452 0.000522 0.166573 960
10177 0.000519 0.172001 965
10273 0.000517 0.172294 970
10250 0.000514 0.164787 975
10200 0.000512 0.158695 980
9921 0.000509 0.168205 985
9762 0.000506 0.168593 990
9773 0.000504 0.174421 995
9784 0.000501 0.169500 1000
9559 0.000499 0.173820 1005
9367 0.000496 0.175585 1010
9435 0.000494 0.170046 1015
9308 0.000491 0.171315 1020
9250 0.000489 0.163291 1025
9269 0.000487 0.172332 1030
9121 0.000484 0.171286 1035
8787 0.000482 0.168703 1040
8795 0.000480 0.171278 1045
8787 0.000477 0.168497 1050
8642 0.000475 0.171820 1055
8523 0.000473 0.171392 1060
8506 0.000471 0.183348 1065
8366 0.000468 0.172103 1070
8503 0.000466 0.177404 1075
8197 0.000464 0.169313 1080
8147 0.000462 0.175317 1085
8165 0.000460 0.168858 1090
8073 0.000458 0.182602 1095
7941 0.000456 0.178675 1100
7824 0.000454 0.169629 1105
8029 0.000451 0.180544 1110
7805 0.000449 0.171999 1115
7650 0.000447 0.174265 1120
7670 0.000445 0.184279 1125
7538 0.000443 0.181265 1130
7546 0.000442 0.172484 1135
7323 0.000440 0.165752 1140
7306 0.000438 0.172807 1145
7316 0.000436 0.175160 1150
7256 0.000434 0.175754 1155
7127 0.000432 0.184196 1160
7226 0.000430 0.171855 1165
7063 0.000428 0.184800 1170
7147 0.000426 0.188875 1175
6997 0.000425 0.176050 1180
6913 0.000423 0.170464 1185
6672 0.000421 0.179902 1190
6745 0.000419 0.169437 1195
6794 0.000418 0.177721 1200
6612 0.000416 0.167274 1205
6695 0.000414 0.187556 1210
6591 0.000412 0.179248 1215
6546 0.000411 0.178487 1220
6487 0.000409 0.180468 1225
6402 0.000407 0.180148 1230
6435 0.000406 0.177110 1235
6355 0.000404 0.179316 1240
6221 0.000402 0.180784 1245
6104 0.000401 0.169210 1250
6156 0.000399 0.187965 1255
6041 0.000398 0.170943 1260
6012 0.000396 0.179113 1265
5943 0.000394 0.166786 1270
5893 0.000393 0.194035 1275
5972 0.000391 0.177213 1280
5852 0.000390 0.178202 1285
5694 0.000388 0.181720 1290
5835 0.000387 0.176304 1295
5677 0.000385 0.186862 1300
5786 0.000384 0.173668 1305
5688 0.000382 0.171524 1310
5698 0.000381 0.179275 1315
5616 0.000380 0.180811 1320
5379 0.000378 0.181690 1325
5457 0.000377 0.190870 1330
5423 0.000375 0.176473 1335
5406 0.000374 0.182865 1340
5367 0.000372 0.184315 1345
5363 0.000371 0.177332 1350
5233 0.000370 0.180671 1355
5176 0.000368 0.182669 1360
5099 0.000367 0.186111 1365
5215 0.000366 0.186726 1370
5050 0.000364 0.176863 1375
4986 0.000363 0.190246 1380
5041 0.000362 0.180653 1385
4993 0.000360 0.175836 1390
4955 0.000359 0.199091 1395
4871 0.000358 0.180496 1400
4885 0.000356 0.185707 1405
5002 0.000355 0.190208 1410
4864 0.000354 0.184698 1415
4779 0.000353 0.165452 1420
4687 0.000352 0.160992 1425
4806 0.000350 0.188709 1430
4655 0.000349 0.183252 1435
4605 0.000348 0.190080 1440
4645 0.000347 0.184516 1445
4566 0.000345 0.198811 1450
4506 0.000344 0.184808 1455
4557 0.000343 0.177187 1460
4561 0.000342 0.181799 1465
4392 0.000341 0.181497 1470
4505 0.000340 0.185991 1475
4353 0.000338 0.192605 1480
4376 0.000337 0.180158 1485
4419 0.000336 0.184248 1490
4341 0.000335 0.184704 1495
4212 0.000334 0.184740 1500
4315 0.000333 0.189315 1505
4064 0.000332 0.191211 1510
4186 0.000331 0.179580 1515
4350 0.000329 0.183653 1520
4090 0.000328 0.190733 1525
4110 0.000327 0.169143 1530
4176 0.000326 0.193826 1535
4138 0.000325 0.198599 1540
4156 0.000324 0.167283 1545
4007 0.000323 0.195720 1550
3981 0.000322 0.173782 1555
4041 0.000321 0.199734 1560
3877 0.000320 0.185022 1565
3948 0.000319 0.183568 1570
3894 0.000318 0.199935 1575
3770 0.000317 0.189762 1580
3816 0.000316 0.174402 1585
3812 0.000315 0.183432 1590
3840 0.000314 0.190994 1595
3676 0.000313 0.207051 1600
3650 0.000312 0.190887 1605
3604 0.000311 0.183995 1610
3757 0.000310 0.182532 1615
3646 0.000309 0.192513 1620
3702 0.000308 0.179690 1625
3586 0.000307 0.183526 1630
3601 0.000306 0.186826 1635
3498 0.000305 0.178388 1640
3538 0.000304 0.191955 1645
3566 0.000303 0.178088 1650
3485 0.000303 0.180300 1655
3489 0.000302 0.191459 1660
3496 0.000301 0.170916 1665
3466 0.000300 0.206305 1670
3502 0.000299 0.192109 1675
3484 0.000298 0.182490 1680
3434 0.000297 0.190739 1685
3457 0.000296 0.199012 1690
3326 0.000295 0.180300 1695
3398 0.000295 0.193586 1700
3345 0.000294 0.179989 1705
3321 0.000293 0.183248 1710
3239 0.000292 0.201482 1715
3146 0.000291 0.189477 1720
3281 0.000290 0.182276 1725
3197 0.000289 0.193369 1730
3228 0.000289 0.200063 1735
3294 0.000288 0.200581 1740
3115 0.000287 0.185758 1745
3188 0.000286 0.192614 1750
3119 0.000285 0.191078 1755
3134 0.000284 0.199403 1760
3167 0.000284 0.195287 1765
3079 0.000283 0.202593 1770
3092 0.000282 0.204451 1775
3084 0.000281 0.194309 1780
2977 0.000281 0.201195 1785
3014 0.000280 0.193946 1790
3010 0.000279 0.197984 1795
2857 0.000278 0.186121 1800
3003 0.000277 0.196118 1805
2914 0.000277 0.192328 1810
2872 0.000276 0.202448 1815
2921 0.000275 0.215138 1820
2913 0.000274 0.213168 1825
2774 0.000274 0.200625 1830
2839 0.000273 0.198855 1835
2800 0.000272 0.207243 1840
2958 0.000271 0.182745 1845
2824 0.000271 0.203298 1850
2793 0.000270 0.185912 1855
2783 0.000269 0.208576 1860
2634 0.000268 0.185875 1865
2676 0.000268 0.189580 1870
2738 0.000267 0.188875 1875
2722 0.000266 0.191696 1880
2706 0.000266 0.192241 1885
2689 0.000265 0.201765 1890
2704 0.000264 0.195142 1895
2813 0.000264 0.195688 1900
2629 0.000263 0.205004 1905
2605 0.000262 0.208868 1910
2616 0.000261 0.186424 1915
2595 0.000261 0.189706 1920
2542 0.000260 0.205756 1925
2592 0.000259 0.211173 1930
2564 0.000259 0.189626 1935
2550 0.000258 0.206787 1940
2392 0.000257 0.187770 1945
2492 0.000257 0.174944 1950
2519 0.000256 0.207694 1955
2514 0.000255 0.202391 1960
2538 0.000255 0.201745 1965
2496 0.000254 0.203831 1970
2493 0.000253 0.210769 1975
2560 0.000253 0.216612 1980
2389 0.000252 0.183101 1985
