TOTAL NUMBER OF SNPs
61900


CHROMOSOME 1
 NIND(real sample)=51
 NSNP=30906
 NSNP_calculations=30904
 NSNP_+2alleles=0
 NSNP_zeroes=0
 NSNP_monomorphic=2
 NIND_corrected=51.000000
 freq_MAF=0.009804
 F_dev_HW=0.075520
 G_var_bet_ind=0.537760
 Genetic distances available in map file

CHROMOSOME 2
 NIND(real sample)=51
 NSNP=31000
 NSNP_calculations=30996
 NSNP_+2alleles=0
 NSNP_zeroes=0
 NSNP_monomorphic=4
 NIND_corrected=51.000000
 freq_MAF=0.009804
 F_dev_HW=0.093750
 G_var_bet_ind=0.546875
 Genetic distances available in map file



INPUT FOR GONE


2       Phase (0: pseudohaploids; 1: known phase; 2: unknown phase)
51.000000       sample size (individuals; corrected for zeroes)
0.084649       Hardy-Weinberg deviation
90220121 0.272913 0.039612 2
395779427 0.176693 0.039449 4
154791444 0.102628 0.040578 6
78473706 0.072406 0.042040 8
47440855 0.056011 0.043970 10
63425667 0.041101 0.045301 15
31754407 0.028964 0.048050 20
19133932 0.022408 0.050368 25
12765774 0.018282 0.053269 30
9139163 0.015445 0.056092 35
6860502 0.013373 0.058497 40
5337359 0.011792 0.061239 45
4273951 0.010546 0.064090 50
3491988 0.009539 0.066220 55
2907861 0.008707 0.068795 60
2464813 0.008008 0.070795 65
2112193 0.007414 0.073139 70
1832035 0.006902 0.075188 75
1602031 0.006456 0.077713 80
1411222 0.006064 0.079650 85
1254079 0.005717 0.080367 90
1122826 0.005408 0.082956 95
1009535 0.005131 0.084790 100
915401 0.004880 0.085874 105
831300 0.004653 0.087122 110
760028 0.004446 0.089262 115
697808 0.004257 0.090447 120
639774 0.004083 0.091957 125
591485 0.003923 0.094010 130
547355 0.003774 0.094840 135
508585 0.003637 0.095302 140
473629 0.003509 0.096514 145
441550 0.003390 0.098217 150
413525 0.003279 0.099189 155
387146 0.003175 0.101532 160
364083 0.003077 0.100709 165
342835 0.002986 0.100751 170
323450 0.002899 0.103301 175
304180 0.002817 0.103707 180
289342 0.002740 0.105832 185
274063 0.002667 0.106126 190
259492 0.002598 0.107323 195
246589 0.002532 0.109637 200
234082 0.002469 0.110082 205
223037 0.002410 0.109973 210
213053 0.002353 0.110208 215
203822 0.002299 0.111417 220
194268 0.002247 0.112657 225
186544 0.002198 0.111892 230
179159 0.002151 0.112136 235
170742 0.002105 0.113186 240
163757 0.002062 0.115573 245
156654 0.002020 0.114970 250
151282 0.001980 0.116311 255
145520 0.001942 0.117311 260
140452 0.001905 0.117481 265
134025 0.001869 0.117276 270
129393 0.001835 0.117850 275
125313 0.001802 0.118826 280
121079 0.001770 0.120480 285
116368 0.001739 0.118417 290
112193 0.001709 0.121280 295
108719 0.001681 0.121028 300
105731 0.001653 0.121538 305
102138 0.001626 0.123108 310
98791 0.001600 0.123255 315
95924 0.001575 0.122243 320
92201 0.001550 0.125126 325
90027 0.001527 0.123143 330
87376 0.001504 0.122886 335
84672 0.001482 0.125716 340
81950 0.001460 0.122645 345
79899 0.001439 0.126426 350
77305 0.001419 0.126960 355
75855 0.001399 0.125932 360
73363 0.001379 0.127682 365
71731 0.001361 0.128564 370
69640 0.001342 0.127427 375
68104 0.001325 0.131676 380
65929 0.001307 0.127714 385
64416 0.001290 0.130833 390
62324 0.001274 0.129529 395
61152 0.001258 0.132019 400
59297 0.001242 0.129165 405
58476 0.001227 0.129570 410
56940 0.001212 0.130911 415
55467 0.001198 0.129598 420
54329 0.001183 0.133949 425
52683 0.001170 0.134602 430
51594 0.001156 0.132022 435
50187 0.001143 0.136313 440
49158 0.001130 0.134859 445
48176 0.001117 0.135925 450
47278 0.001105 0.135503 455
46212 0.001093 0.136647 460
45130 0.001081 0.134982 465
44280 0.001070 0.135384 470
43284 0.001058 0.136845 475
42542 0.001047 0.139154 480
41757 0.001036 0.138195 485
40429 0.001026 0.136281 490
39519 0.001015 0.135280 495
38664 0.001005 0.138819 500
37825 0.000995 0.141984 505
37047 0.000985 0.138960 510
36745 0.000976 0.138132 515
36226 0.000966 0.138466 520
35553 0.000957 0.139839 525
34663 0.000948 0.142970 530
34131 0.000939 0.141349 535
33716 0.000930 0.141673 540
32793 0.000922 0.137067 545
32420 0.000913 0.140653 550
31902 0.000905 0.140962 555
30946 0.000897 0.146095 560
30663 0.000889 0.139280 565
29865 0.000881 0.146401 570
29363 0.000873 0.140603 575
29151 0.000866 0.142081 580
28611 0.000858 0.138575 585
27846 0.000851 0.145602 590
27421 0.000844 0.148395 595
27231 0.000837 0.141892 600
26425 0.000830 0.143928 605
26444 0.000823 0.145798 610
25617 0.000816 0.141959 615
25319 0.000810 0.145675 620
25341 0.000803 0.140806 625
24388 0.000797 0.145363 630
24308 0.000791 0.144868 635
23693 0.000784 0.147049 640
23311 0.000778 0.144902 645
23187 0.000772 0.143118 650
22695 0.000766 0.144617 655
22107 0.000760 0.149384 660
21935 0.000755 0.151449 665
21796 0.000749 0.146674 670
21271 0.000744 0.149710 675
20944 0.000738 0.152294 680
20669 0.000733 0.144879 685
20417 0.000727 0.152156 690
20247 0.000722 0.158022 695
19948 0.000717 0.147113 700
19316 0.000712 0.151965 705
19339 0.000707 0.147965 710
18722 0.000702 0.144113 715
18817 0.000697 0.150310 720
18465 0.000692 0.154755 725
18294 0.000687 0.151270 730
18065 0.000683 0.157605 735
17588 0.000678 0.149593 740
17646 0.000673 0.155512 745
17321 0.000669 0.150132 750
16853 0.000664 0.146102 755
16731 0.000660 0.150825 760
16575 0.000656 0.148408 765
16475 0.000651 0.152396 770
16411 0.000647 0.154491 775
15944 0.000643 0.155854 780
15645 0.000639 0.154333 785
15220 0.000635 0.159142 790
15505 0.000631 0.151791 795
15071 0.000627 0.158113 800
15042 0.000623 0.157498 805
14814 0.000619 0.153359 810
14489 0.000615 0.156471 815
14430 0.000612 0.155973 820
14194 0.000608 0.151915 825
13905 0.000604 0.154277 830
13847 0.000601 0.166557 835
13855 0.000597 0.154698 840
13603 0.000593 0.151498 845
13235 0.000590 0.152972 850
13366 0.000587 0.156895 855
12977 0.000583 0.155157 860
12911 0.000580 0.157720 865
12845 0.000576 0.155531 870
12497 0.000573 0.159485 875
12639 0.000570 0.157317 880
12257 0.000567 0.155313 885
12296 0.000563 0.156134 890
12055 0.000560 0.156370 895
11979 0.000557 0.161478 900
11750 0.000554 0.160567 905
11551 0.000551 0.153844 910
11627 0.000548 0.164339 915
11538 0.000545 0.153810 920
11455 0.000542 0.162900 925
11184 0.000539 0.165017 930
11136 0.000536 0.164215 935
10869 0.000533 0.162747 940
10817 0.000530 0.157942 945
10772 0.000528 0.167147 950
10680 0.000525 0.162241 955
10537 0.000522 0.166956 960
10516 0.000519 0.161800 965
10310 0.000517 0.162428 970
10114 0.000514 0.168063 975
10199 0.000512 0.171471 980
9841 0.000509 0.170033 985
10144 0.000506 0.159199 990
9772 0.000504 0.167856 995
9802 0.000501 0.160477 1000
9634 0.000499 0.154389 1005
9625 0.000496 0.167882 1010
9469 0.000494 0.163916 1015
9365 0.000491 0.167993 1020
9297 0.000489 0.170392 1025
9180 0.000487 0.177393 1030
8979 0.000484 0.170107 1035
8910 0.000482 0.164801 1040
8902 0.000480 0.162129 1045
8689 0.000477 0.171732 1050
8722 0.000475 0.166658 1055
8721 0.000473 0.169486 1060
8609 0.000471 0.165972 1065
8518 0.000468 0.163204 1070
8475 0.000466 0.170912 1075
8295 0.000464 0.161931 1080
8274 0.000462 0.165707 1085
8171 0.000460 0.167737 1090
7910 0.000458 0.166975 1095
8012 0.000456 0.169630 1100
7989 0.000454 0.165962 1105
7768 0.000451 0.173168 1110
7942 0.000449 0.167248 1115
7729 0.000447 0.177444 1120
7859 0.000445 0.172226 1125
7489 0.000443 0.169107 1130
7539 0.000442 0.160064 1135
7467 0.000440 0.158065 1140
7458 0.000438 0.161691 1145
7378 0.000436 0.162212 1150
7326 0.000434 0.166408 1155
7198 0.000432 0.160912 1160
7197 0.000430 0.163758 1165
7172 0.000428 0.171870 1170
7080 0.000426 0.175159 1175
7011 0.000425 0.173752 1180
6860 0.000423 0.172735 1185
6861 0.000421 0.172011 1190
6696 0.000419 0.170719 1195
6802 0.000418 0.170550 1200
6740 0.000416 0.175987 1205
6759 0.000414 0.158842 1210
6579 0.000412 0.170995 1215
6567 0.000411 0.171414 1220
6468 0.000409 0.168824 1225
6482 0.000407 0.171154 1230
6403 0.000406 0.174250 1235
6383 0.000404 0.170971 1240
6285 0.000402 0.176058 1245
6085 0.000401 0.165908 1250
6104 0.000399 0.169189 1255
6052 0.000398 0.173310 1260
6243 0.000396 0.170088 1265
5990 0.000394 0.174535 1270
6103 0.000393 0.180771 1275
5954 0.000391 0.180160 1280
5939 0.000390 0.171494 1285
5848 0.000388 0.174374 1290
5797 0.000387 0.180575 1295
5859 0.000385 0.170305 1300
5834 0.000384 0.173003 1305
5697 0.000382 0.174522 1310
5633 0.000381 0.172002 1315
5616 0.000380 0.180041 1320
5500 0.000378 0.165181 1325
5428 0.000377 0.168423 1330
5373 0.000375 0.181739 1335
5219 0.000374 0.167287 1340
5440 0.000372 0.170028 1345
5401 0.000371 0.179886 1350
5232 0.000370 0.176584 1355
5184 0.000368 0.164317 1360
5326 0.000367 0.167485 1365
5174 0.000366 0.177975 1370
5082 0.000364 0.182770 1375
5053 0.000363 0.186377 1380
5039 0.000362 0.178451 1385
5024 0.000360 0.187731 1390
4984 0.000359 0.182004 1395
4888 0.000358 0.183995 1400
5078 0.000356 0.177909 1405
4711 0.000355 0.176264 1410
4917 0.000354 0.172683 1415
4971 0.000353 0.169628 1420
4718 0.000351 0.168496 1425
4743 0.000350 0.171112 1430
4691 0.000349 0.185837 1435
4713 0.000348 0.179472 1440
4580 0.000347 0.181790 1445
4618 0.000345 0.168914 1450
4673 0.000344 0.174610 1455
4669 0.000343 0.162075 1460
4417 0.000342 0.175991 1465
4547 0.000341 0.186936 1470
4436 0.000340 0.184218 1475
4383 0.000338 0.182333 1480
4403 0.000337 0.166115 1485
4358 0.000336 0.180062 1490
4330 0.000335 0.164760 1495
4338 0.000334 0.164587 1500
4295 0.000333 0.162411 1505
4233 0.000332 0.177333 1510
4235 0.000331 0.179593 1515
4149 0.000329 0.180078 1520
4159 0.000328 0.173411 1525
4185 0.000327 0.177937 1530
4088 0.000326 0.177247 1535
4044 0.000325 0.194331 1540
4096 0.000324 0.201889 1545
4091 0.000323 0.193807 1550
4058 0.000322 0.173754 1555
3913 0.000321 0.182389 1560
4054 0.000320 0.192451 1565
4005 0.000319 0.172145 1570
3924 0.000318 0.181319 1575
3801 0.000317 0.182300 1580
3893 0.000316 0.179265 1585
3790 0.000315 0.179417 1590
3841 0.000314 0.182705 1595
3767 0.000313 0.179001 1600
3791 0.000312 0.187210 1605
3832 0.000311 0.181054 1610
3674 0.000310 0.186603 1615
3665 0.000309 0.185853 1620
3679 0.000308 0.193038 1625
3606 0.000307 0.177419 1630
3617 0.000306 0.178043 1635
3472 0.000305 0.189817 1640
3632 0.000304 0.199406 1645
3623 0.000303 0.188788 1650
3508 0.000303 0.185796 1655
3612 0.000302 0.172852 1660
3512 0.000301 0.198336 1665
3484 0.000300 0.185309 1670
3544 0.000299 0.189945 1675
3352 0.000298 0.172355 1680
3385 0.000297 0.189826 1685
3358 0.000296 0.170895 1690
3382 0.000295 0.166559 1695
3336 0.000295 0.180063 1700
3310 0.000294 0.187896 1705
3326 0.000293 0.181693 1710
3239 0.000292 0.188604 1715
3375 0.000291 0.182228 1720
3367 0.000290 0.176555 1725
3252 0.000289 0.196916 1730
3393 0.000289 0.205228 1735
3262 0.000288 0.190744 1740
3226 0.000287 0.185523 1745
3247 0.000286 0.185691 1750
3122 0.000285 0.189343 1755
3108 0.000284 0.190222 1760
3102 0.000284 0.170121 1765
3160 0.000283 0.187728 1770
3110 0.000282 0.186601 1775
3043 0.000281 0.187267 1780
3005 0.000281 0.185779 1785
3033 0.000280 0.190506 1790
3046 0.000279 0.189280 1795
3022 0.000278 0.183880 1800
3032 0.000277 0.197419 1805
2969 0.000277 0.199548 1810
3015 0.000276 0.196680 1815
2940 0.000275 0.190223 1820
3016 0.000274 0.193638 1825
2930 0.000274 0.185187 1830
2817 0.000273 0.190553 1835
2871 0.000272 0.179058 1840
2885 0.000271 0.188652 1845
2910 0.000271 0.203880 1850
2837 0.000270 0.207115 1855
2847 0.000269 0.195339 1860
2855 0.000268 0.180485 1865
2747 0.000268 0.190274 1870
2730 0.000267 0.207530 1875
2793 0.000266 0.191139 1880
2708 0.000266 0.191497 1885
2749 0.000265 0.203833 1890
2692 0.000264 0.195826 1895
2738 0.000264 0.176207 1900
2678 0.000263 0.182022 1905
2739 0.000262 0.188730 1910
2641 0.000261 0.207051 1915
2617 0.000261 0.194967 1920
2667 0.000260 0.167504 1925
2630 0.000259 0.195627 1930
2676 0.000259 0.183182 1935
2540 0.000258 0.192649 1940
2493 0.000257 0.188205 1945
2533 0.000257 0.193283 1950
2527 0.000256 0.192737 1955
2568 0.000255 0.196625 1960
2549 0.000255 0.189667 1965
2475 0.000254 0.175815 1970
2446 0.000253 0.175807 1975
2465 0.000253 0.173792 1980
2450 0.000252 0.190213 1985
