TOTAL NUMBER OF SNPs
61620


CHROMOSOME 1
 NIND(real sample)=51
 NSNP=30261
 NSNP_calculations=30260
 NSNP_+2alleles=0
 NSNP_zeroes=0
 NSNP_monomorphic=1
 NIND_corrected=51.000000
 freq_MAF=0.009804
 F_dev_HW=0.150500
 G_var_bet_ind=0.575250
 Genetic distances available in map file

CHROMOSOME 2
 NIND(real sample)=51
 NSNP=31364
 NSNP_calculations=31360
 NSNP_+2alleles=0
 NSNP_zeroes=0
 NSNP_monomorphic=4
 NIND_corrected=51.000000
 freq_MAF=0.009804
 F_dev_HW=0.101320
 G_var_bet_ind=0.550660
 Genetic distances available in map file



INPUT FOR GONE


2       Phase (0: pseudohaploids; 1: known phase; 2: unknown phase)
51.000000       sample size (individuals; corrected for zeroes)
0.125471       Hardy-Weinberg deviation
87329015 0.272451 0.043607 2
392243228 0.176650 0.043607 4
153616567 0.102616 0.043883 6
78477634 0.072400 0.045115 8
47495697 0.056013 0.046387 10
63434514 0.041105 0.048826 15
31783902 0.028967 0.052839 20
19059855 0.022407 0.055876 25
12689074 0.018283 0.058892 30
9044943 0.015446 0.062266 35
6788301 0.013373 0.065373 40
5278382 0.011792 0.068520 45
4218988 0.010545 0.071188 50
3452619 0.009538 0.073427 55
2876125 0.008706 0.076271 60
2438009 0.008009 0.078766 65
2089080 0.007414 0.080881 70
1813453 0.006902 0.083175 75
1586064 0.006456 0.085380 80
1399446 0.006064 0.086904 85
1245242 0.005718 0.088986 90
1110707 0.005408 0.090907 95
1000118 0.005130 0.092882 100
904427 0.004880 0.094520 105
824307 0.004653 0.096252 110
753387 0.004446 0.097383 115
689538 0.004257 0.099020 120
634352 0.004083 0.101049 125
585899 0.003923 0.102426 130
541654 0.003774 0.103839 135
503146 0.003637 0.104641 140
468896 0.003509 0.106992 145
437059 0.003390 0.107093 150
409047 0.003279 0.108017 155
382462 0.003175 0.109150 160
360111 0.003077 0.110474 165
337799 0.002986 0.110502 170
320167 0.002899 0.111752 175
302051 0.002817 0.113667 180
284566 0.002740 0.113896 185
269928 0.002667 0.113274 190
257025 0.002598 0.115749 195
244869 0.002532 0.116867 200
233537 0.002469 0.118740 205
221031 0.002410 0.119578 210
211379 0.002353 0.117696 215
200865 0.002299 0.120086 220
192291 0.002247 0.121573 225
184157 0.002198 0.121700 230
176303 0.002151 0.122613 235
169519 0.002105 0.124200 240
162299 0.002062 0.123170 245
156044 0.002020 0.124002 250
149141 0.001980 0.126064 255
143692 0.001942 0.125908 260
138194 0.001905 0.127307 265
132645 0.001869 0.126544 270
127951 0.001835 0.128190 275
123212 0.001802 0.126160 280
119351 0.001770 0.129494 285
115038 0.001739 0.129022 290
111084 0.001709 0.127738 295
107056 0.001681 0.131400 300
104112 0.001653 0.130653 305
101011 0.001626 0.129071 310
97780 0.001600 0.130173 315
94622 0.001575 0.132731 320
92126 0.001550 0.131576 325
89146 0.001527 0.134944 330
86132 0.001504 0.131960 335
83264 0.001482 0.133185 340
81313 0.001460 0.134634 345
78669 0.001439 0.135232 350
77046 0.001419 0.133262 355
74525 0.001399 0.133693 360
72780 0.001379 0.133339 365
70435 0.001361 0.137083 370
69340 0.001342 0.135386 375
66877 0.001325 0.138964 380
64534 0.001307 0.138035 385
63671 0.001290 0.138019 390
62208 0.001274 0.137897 395
60625 0.001258 0.140067 400
58881 0.001242 0.141990 405
57243 0.001227 0.137545 410
55788 0.001212 0.140451 415
54815 0.001198 0.140393 420
53239 0.001183 0.141413 425
52766 0.001170 0.143254 430
50913 0.001156 0.140177 435
49724 0.001143 0.143319 440
48368 0.001130 0.143235 445
47536 0.001117 0.142944 450
45949 0.001105 0.142699 455
45681 0.001093 0.145279 460
44977 0.001081 0.142724 465
43391 0.001070 0.143316 470
42821 0.001058 0.146985 475
41927 0.001047 0.141495 480
40782 0.001036 0.141159 485
40107 0.001026 0.145320 490
39139 0.001015 0.145504 495
38226 0.001005 0.141944 500
37711 0.000995 0.149623 505
37116 0.000985 0.149479 510
36287 0.000976 0.147418 515
35538 0.000966 0.147924 520
35382 0.000957 0.147192 525
34137 0.000948 0.146406 530
33757 0.000939 0.146309 535
32949 0.000930 0.148854 540
32212 0.000922 0.148418 545
31754 0.000913 0.146792 550
31442 0.000905 0.148902 555
30769 0.000897 0.149776 560
30598 0.000889 0.153014 565
29806 0.000881 0.151669 570
29149 0.000873 0.153501 575
28520 0.000866 0.150135 580
27993 0.000858 0.150919 585
27778 0.000851 0.154240 590
26816 0.000844 0.149666 595
26815 0.000837 0.154094 600
26012 0.000830 0.155239 605
26167 0.000823 0.150689 610
25280 0.000816 0.153309 615
25053 0.000810 0.155740 620
24644 0.000803 0.154977 625
23960 0.000797 0.154103 630
23844 0.000791 0.147867 635
23459 0.000784 0.150241 640
23215 0.000778 0.155723 645
22680 0.000772 0.153396 650
22474 0.000766 0.152506 655
22264 0.000760 0.152587 660
21934 0.000755 0.161076 665
21139 0.000749 0.154314 670
21156 0.000743 0.153528 675
20752 0.000738 0.153618 680
20452 0.000733 0.158063 685
20069 0.000727 0.158841 690
20128 0.000722 0.159222 695
19673 0.000717 0.159065 700
19405 0.000712 0.156771 705
19174 0.000707 0.159878 710
19032 0.000702 0.158610 715
18688 0.000697 0.158764 720
18422 0.000692 0.152825 725
17954 0.000687 0.159052 730
17943 0.000683 0.161870 735
17384 0.000678 0.164281 740
17207 0.000673 0.161248 745
17111 0.000669 0.164736 750
16960 0.000664 0.157227 755
16648 0.000660 0.160473 760
16522 0.000656 0.156890 765
16113 0.000651 0.172237 770
15880 0.000647 0.164513 775
15777 0.000643 0.157164 780
15378 0.000639 0.163988 785
15309 0.000635 0.162323 790
15281 0.000631 0.159448 795
14951 0.000627 0.162673 800
14837 0.000623 0.169344 805
14620 0.000619 0.167801 810
14513 0.000615 0.166028 815
14298 0.000612 0.155372 820
13919 0.000608 0.159996 825
13832 0.000604 0.168145 830
13550 0.000601 0.167797 835
13721 0.000597 0.166527 840
13418 0.000593 0.162525 845
13369 0.000590 0.167984 850
13145 0.000587 0.160830 855
12910 0.000583 0.163660 860
12778 0.000580 0.167108 865
12624 0.000576 0.164549 870
12717 0.000573 0.171716 875
12523 0.000570 0.159795 880
12316 0.000567 0.163368 885
12045 0.000563 0.162948 890
11993 0.000560 0.164295 895
11942 0.000557 0.166869 900
11695 0.000554 0.165081 905
11562 0.000551 0.166839 910
11540 0.000548 0.176903 915
11181 0.000545 0.174388 920
11305 0.000542 0.168713 925
11115 0.000539 0.162965 930
11008 0.000536 0.170864 935
10865 0.000533 0.169593 940
10763 0.000531 0.165847 945
10779 0.000528 0.173433 950
10732 0.000525 0.163958 955
10331 0.000522 0.165504 960
10270 0.000519 0.171304 965
10248 0.000517 0.164296 970
9945 0.000514 0.165421 975
9914 0.000512 0.170226 980
9954 0.000509 0.169063 985
9696 0.000506 0.172970 990
9538 0.000504 0.157183 995
9655 0.000501 0.167103 1000
9417 0.000499 0.175948 1005
9552 0.000496 0.183123 1010
9338 0.000494 0.170306 1015
9201 0.000491 0.176845 1020
9056 0.000489 0.174114 1025
8939 0.000487 0.167412 1030
9038 0.000484 0.175708 1035
8848 0.000482 0.185869 1040
8850 0.000480 0.173021 1045
8564 0.000477 0.180988 1050
8506 0.000475 0.172360 1055
8615 0.000473 0.172507 1060
8490 0.000471 0.173619 1065
8520 0.000468 0.173750 1070
8325 0.000466 0.175168 1075
8327 0.000464 0.170795 1080
8124 0.000462 0.177067 1085
7933 0.000460 0.182050 1090
8028 0.000458 0.171928 1095
7933 0.000456 0.175699 1100
7939 0.000454 0.174251 1105
7961 0.000451 0.168152 1110
7832 0.000449 0.171895 1115
7646 0.000447 0.176270 1120
7585 0.000445 0.172134 1125
7548 0.000443 0.183693 1130
7548 0.000442 0.186403 1135
7403 0.000440 0.181441 1140
7187 0.000438 0.180948 1145
7274 0.000436 0.171975 1150
7163 0.000434 0.180313 1155
7132 0.000432 0.183198 1160
7291 0.000430 0.177742 1165
6870 0.000428 0.167896 1170
6927 0.000426 0.182788 1175
7014 0.000425 0.168888 1180
6985 0.000423 0.180976 1185
6789 0.000421 0.184439 1190
6741 0.000419 0.174791 1195
6529 0.000418 0.177679 1200
6598 0.000416 0.175750 1205
6582 0.000414 0.175853 1210
6561 0.000412 0.187124 1215
6398 0.000411 0.183574 1220
6458 0.000409 0.173472 1225
6404 0.000407 0.171311 1230
6255 0.000406 0.188202 1235
6141 0.000404 0.184576 1240
6176 0.000402 0.188842 1245
6250 0.000401 0.174151 1250
6028 0.000399 0.194450 1255
5982 0.000398 0.191329 1260
6135 0.000396 0.187395 1265
5984 0.000394 0.176003 1270
5845 0.000393 0.187636 1275
5861 0.000391 0.181754 1280
5724 0.000390 0.181147 1285
5744 0.000388 0.175194 1290
5880 0.000387 0.178669 1295
5685 0.000385 0.168548 1300
5583 0.000384 0.188374 1305
5493 0.000382 0.189417 1310
5496 0.000381 0.174555 1315
5403 0.000379 0.179159 1320
5459 0.000378 0.193235 1325
5468 0.000377 0.175990 1330
5392 0.000375 0.185761 1335
5445 0.000374 0.192637 1340
5276 0.000372 0.181826 1345
5241 0.000371 0.194793 1350
5183 0.000370 0.182328 1355
5225 0.000368 0.175706 1360
5181 0.000367 0.187678 1365
5102 0.000366 0.173345 1370
5121 0.000364 0.193337 1375
4991 0.000363 0.197687 1380
5004 0.000362 0.180664 1385
4949 0.000360 0.188006 1390
4999 0.000359 0.191327 1395
4916 0.000358 0.188485 1400
4870 0.000356 0.181987 1405
4833 0.000355 0.193628 1410
4719 0.000354 0.177802 1415
4753 0.000353 0.186115 1420
4696 0.000351 0.179805 1425
4578 0.000350 0.190208 1430
4694 0.000349 0.181147 1435
4565 0.000348 0.191965 1440
4552 0.000347 0.186097 1445
4495 0.000345 0.185501 1450
4569 0.000344 0.191388 1455
4502 0.000343 0.187661 1460
4392 0.000342 0.193399 1465
4460 0.000341 0.179471 1470
4440 0.000340 0.176135 1475
4478 0.000338 0.191916 1480
4456 0.000337 0.184276 1485
4400 0.000336 0.197959 1490
4282 0.000335 0.182625 1495
4244 0.000334 0.176034 1500
4175 0.000333 0.196258 1505
4366 0.000332 0.193291 1510
4176 0.000331 0.166670 1515
4185 0.000329 0.179137 1520
4137 0.000328 0.193764 1525
4204 0.000327 0.192284 1530
4097 0.000326 0.195961 1535
4103 0.000325 0.190568 1540
4091 0.000324 0.186115 1545
4036 0.000323 0.183517 1550
3967 0.000322 0.179309 1555
3823 0.000321 0.195856 1560
3785 0.000320 0.193463 1565
3889 0.000319 0.191902 1570
3876 0.000318 0.189520 1575
3817 0.000317 0.198508 1580
3645 0.000316 0.184354 1585
3886 0.000315 0.204444 1590
3694 0.000314 0.210140 1595
3721 0.000313 0.209012 1600
3720 0.000312 0.181368 1605
3663 0.000311 0.190573 1610
3653 0.000310 0.179877 1615
3608 0.000309 0.196859 1620
3592 0.000308 0.187808 1625
3564 0.000307 0.199604 1630
3627 0.000306 0.175930 1635
3544 0.000305 0.191427 1640
3525 0.000304 0.178144 1645
3561 0.000303 0.191007 1650
3476 0.000303 0.191030 1655
3485 0.000302 0.189070 1660
3455 0.000301 0.168926 1665
3532 0.000300 0.182953 1670
3451 0.000299 0.178998 1675
3406 0.000298 0.191702 1680
3286 0.000297 0.205596 1685
3365 0.000296 0.192421 1690
3332 0.000295 0.187100 1695
3307 0.000295 0.201727 1700
3339 0.000294 0.186191 1705
3224 0.000293 0.176949 1710
3154 0.000292 0.196238 1715
3380 0.000291 0.192120 1720
3238 0.000290 0.209810 1725
3226 0.000289 0.198327 1730
3211 0.000289 0.202825 1735
3236 0.000288 0.211450 1740
3112 0.000287 0.209282 1745
3007 0.000286 0.189448 1750
2992 0.000285 0.206012 1755
3098 0.000284 0.194133 1760
3118 0.000284 0.189919 1765
3010 0.000283 0.190261 1770
3001 0.000282 0.198959 1775
3073 0.000281 0.196620 1780
3005 0.000281 0.187990 1785
3102 0.000280 0.194273 1790
2984 0.000279 0.218595 1795
2952 0.000278 0.186375 1800
2933 0.000277 0.186767 1805
2954 0.000277 0.213931 1810
2995 0.000276 0.196041 1815
2918 0.000275 0.214735 1820
2912 0.000274 0.211075 1825
2771 0.000274 0.203413 1830
2880 0.000273 0.190343 1835
2866 0.000272 0.207821 1840
2870 0.000271 0.223819 1845
2765 0.000271 0.209812 1850
2837 0.000270 0.197288 1855
2747 0.000269 0.207337 1860
2811 0.000268 0.195769 1865
2675 0.000268 0.180964 1870
2779 0.000267 0.192129 1875
2714 0.000266 0.212577 1880
2704 0.000266 0.207266 1885
2682 0.000265 0.198803 1890
2697 0.000264 0.185815 1895
2670 0.000264 0.207058 1900
2644 0.000263 0.215793 1905
2710 0.000262 0.203543 1910
2590 0.000261 0.182071 1915
2701 0.000261 0.198588 1920
2566 0.000260 0.206776 1925
2586 0.000259 0.186676 1930
2526 0.000259 0.204832 1935
2642 0.000258 0.184565 1940
2545 0.000257 0.209827 1945
2528 0.000257 0.199117 1950
2496 0.000256 0.188601 1955
2390 0.000255 0.212855 1960
2527 0.000255 0.226435 1965
2469 0.000254 0.199000 1970
2455 0.000253 0.195804 1975
2366 0.000253 0.201539 1980
2349 0.000252 0.214917 1985
