Sample d2 values. Average (d2obs-d2prd)^2 = 4.45106e-06
rec.rate_c	observed_d2	adjusted_d2
0.041144	0.035977	0.035577
0.028926	0.039417	0.0401383
0.022407	0.043618	0.0441091
0.0183	0.048484	0.0477429
0.015453	0.051208	0.0511615
0.013378	0.054725	0.0543822
0.011796	0.058675	0.0574361
0.010538	0.05819	0.0603682
0.009545	0.06265	0.0630913
0.008704	0.065291	0.0657499
0.008007	0.071793	0.0682499
0.007417	0.072689	0.0706149
0.006903	0.074328	0.0728907
0.006458	0.073127	0.075046
0.006061	0.074269	0.0771321
0.005717	0.07759	0.0790785
0.0054	0.080395	0.080998
0.00513	0.079518	0.0827372
0.00476731	0.0835269	0.0852395
0.00435152	0.0879633	0.0883698
0.00399985	0.0959164	0.0912644
0.00370718	0.0969479	0.0938687
0.00334482	0.0977128	0.0973722
0.00295353	0.105053	0.101556
0.00263834	0.100501	0.105283
0.0022858	0.111066	0.109906
0.00191859	0.115841	0.115359
0.00162783	0.117199	0.120277
0.00136126	0.125805	0.125424
0.00110918	0.132039	0.131099
