Ne averages over 40 independent estimates.
Generation	Geometric_mean
1	329.866
2	329.866
3	329.866
4	329.866
5	389.564
6	397.232
7	399.396
8	400.313
9	415.248
10	420.322
11	422.408
12	424.841
13	426.968
14	443.509
15	454.622
16	460.421
17	477.114
18	490.28
19	512.052
20	537.042
21	553.874
22	601.808
23	627.91
24	648.909
25	690.411
26	742.596
27	755.316
28	771.655
29	776.522
30	784.539
31	807.468
32	833.679
33	850.594
34	853.949
35	849.006
36	856.166
37	859.921
38	849.514
39	844.694
40	821.769
41	820.41
42	825.578
43	824.809
44	846.076
45	858.666
46	880.225
47	874.065
48	880.293
49	885.394
50	895.53
51	882.531
52	884.977
53	880.627
54	882.92
55	886.592
56	891.811
57	902.303
58	911.047
59	932.664
60	934.98
61	936.859
62	934.284
63	939.97
64	939.427
65	933.067
66	928.753
67	930.759
68	931.259
69	929.947
70	920.535
71	902.348
72	894.116
73	886.63
74	891.316
75	890.871
76	877.787
77	875.504
78	895.99
79	959.604
80	945.883
81	962.291
82	966.469
83	964.871
84	959.824
85	956.311
86	943.949
87	936.795
88	925.486
89	915.472
90	915.639
91	895.341
92	885.827
93	895.594
94	903.383
95	906.255
96	922.765
97	918.763
98	915.34
99	915.485
100	922.218
101	931.321
102	931.932
103	921.937
104	922.062
105	910.658
106	915.009
107	920.225
108	958.396
109	973.583
110	981.716
111	984.988
112	975.233
113	977.673
114	959.49
115	949.545
116	948.967
117	939.238
118	946.714
119	942.917
120	929.091
121	920.713
122	915.434
123	916.711
124	919.684
125	958.388
126	1001.54
127	1023.97
128	1061.6
129	1053.87
130	1041.09
131	1056.02
132	1065.82
133	1084.73
134	1093.74
135	1120.78
136	1193.2
137	1215.88
138	1264.2
139	1280.04
140	1286.99
141	1311.64
142	1331.78
143	1334.23
144	1355.18
145	1361.77
146	1380.86
147	1361.94
148	1349.97
149	1307.93
150	1280.64
151	1245.36
152	1264.71
153	1331.57
154	1314.58
155	1310.37
156	1308.74
157	1301.92
158	1295.11
159	1285.48
160	1277.73
161	1260.92
162	1250.51
163	1239.27
164	1251.16
165	1357.8
166	1389.14
167	1390.16
168	1379.64
169	1380.65
170	1411.03
171	1435.31
172	1453.36
173	1456.58
174	1466.01
175	1461.92
176	1449.64
177	1454.13
178	1447.29
179	1449.39
180	1441.3
181	1435.34
182	1453.93
183	1413.11
184	1390.42
185	1410.13
186	1553.73
187	1577.15
188	1703.99
189	1998.77
190	2149.3
191	2366.72
192	2665.41
193	3298.57
194	4224.26
195	4604.54
196	5413.08
197	5944.8
198	6531.63
199	6871.26
200	7178.21
201	7342.08
202	7603.44
203	8047.89
204	8583.27
205	8837.29
206	9237.61
207	9341.84
208	9408.22
209	9426.43
210	9423.51
211	9420.97
212	9213.75
213	9295.88
214	9399.28
215	9228.77
216	9228.77
217	9125.99
218	9110.97
219	9079.24
220	9071.18
221	9034.02
222	8774.44
223	8384.09
224	8299.67
225	8287.49
226	8267.82
227	8204.01
228	8213.6
229	8248.77
230	8227.12
231	8272.64
232	8314.9
233	8387.56
234	8449.99
235	8481.19
236	8483.37
237	8455.99
238	8467.77
239	8512.49
240	8489.31
241	8519.82
242	8519.52
243	8542
244	8545.02
245	8548.74
246	8545.53
247	8536.36
248	8534.23
249	8542.95
250	8537.88
251	8525.27
252	8513.87
253	8536.45
254	8554.78
255	8583.02
256	8582.73
257	8600.94
258	8608.18
259	8616.41
260	8616.41
261	8616.41
262	8625.6
263	8625.6
264	8624.95
265	8634.57
266	8635.87
267	8642.85
268	8642.85
269	8638.31
270	8624.27
271	8619.73
272	8619.84
273	8625.45
274	8624.15
275	8634.76
276	8646.85
277	8550
278	8551.16
279	8368.37
280	8234.51
281	8191.25
282	8194.25
283	8196.79
284	8196.79
285	8216.76
286	8074.38
287	7735.73
288	7733.64
289	7603.92
290	7538.66
291	7538.66
292	7539.07
293	7535.92
294	7535.48
295	7527.74
296	7505.17
297	7485.17
298	7472.02
299	7464.56
300	7464.56
301	7464.56
302	7464.56
303	7463.95
304	7463.95
305	7463.2
306	7463.2
307	7461.09
308	7453.68
309	7453.68
310	7453.68
311	7453.68
312	7453.68
313	7453.68
314	7454.95
315	7454.95
316	7454.95
317	7454.95
318	7454.95
319	7454.95
320	7454.95
321	7457.61
322	7458.25
323	7463.71
324	7463.54
325	7465.04
326	7465.27
327	7426.64
328	7362.74
329	7339.89
330	7339.89
331	7344.32
332	7350.15
333	7352.5
334	7354.88
335	7355.84
336	7345.11
337	7337.63
338	7337.63
339	7337.69
340	7338.52
341	7344.14
342	7341.45
343	7320.25
344	7321.83
345	7323.7
346	7323.7
347	7325.17
348	7380.01
349	7380.01
350	7398.24
351	7416.03
352	7438.5
353	7442.71
354	7451.11
355	7470.27
356	7448.86
357	7384.46
358	7346.56
359	7346.56
360	7318.16
361	7324.45
362	7325.01
363	7313.11
364	7236.96
365	7144.23
366	6962.31
367	6698.08
368	6527.52
369	6443.88
370	6408.68
371	6394.84
372	6383.14
373	6355.55
374	6300.44
375	6291.24
376	6291.24
377	6295.47
378	6298.76
379	6168.55
380	6129.55
381	6098.08
382	5986.85
383	5950.98
384	5950.98
385	5954.57
386	5954.85
387	5954.85
388	5953.11
389	5952.54
390	5935.8
391	5919.37
392	5919.37
393	5913.53
394	5846.95
395	5810.82
396	5753.31
397	5730.56
398	5665.64
399	5638.8
400	5624.46
401	5575.17
402	5547.6
403	5532.89
404	5531.84
405	5462.85
406	5451.68
407	5446.52
408	5432.86
409	5428.15
410	5416.23
411	5409.48
412	5409.48
413	5381.73
414	5323.86
415	5268.79
416	5161.92
417	5132.96
418	5132.77
419	5120.26
420	5117.27
421	5105.53
422	5074.17
423	5065.63
424	5045.86
425	5044.55
426	5044.55
427	5051.69
428	5065.03
429	5064.07
430	5070.49
431	5077.86
432	5077.3
433	5076.63
434	5075.01
435	5083.26
436	5106.64
437	5114.84
438	5114.84
439	5103.98
440	5060.42
441	5007.87
442	5007.56
443	4942.65
444	4943.02
445	4943.02
446	4753.26
447	4630.81
448	4511.53
449	4453.04
450	4395.31
451	4395.31
452	4378.56
453	4374.9
454	4365.29
455	4348.93
456	4328.71
457	4320.36
458	4320.36
459	4320.36
460	4320.36
461	4312.57
462	4312.57
463	4310.71
464	4310.71
465	4305.83
466	4304.44
467	4304.44
468	4304.44
469	4304.44
470	4304.44
471	4304.13
472	4304.13
473	4304.18
474	4304.18
475	4287.77
476	4287.79
477	4287.79
478	4270.78
479	4250.85
480	4240.83
481	4223.59
482	4216.06
483	4216.06
484	4216.06
485	4216.06
486	4216.06
487	4216.06
488	4216.06
489	4216.06
490	4216.06
491	4216.06
492	4216.06
493	4216.06
494	4216.06
495	4216.06
496	4216.06
497	4216.06
498	4216.06
499	4216.06
500	4216.06
501	4216.06
502	4216.06
503	4216.06
504	4216.06
505	4216.06
506	4216.06
507	4166.6
508	4069.42
509	3791.24
510	3659.34
511	3531.95
512	3368.97
513	3329.41
514	3329.41
515	3329.41
516	3329.41
517	3329.41
518	3329.41
519	3329.41
520	3329.41
521	3329.41
522	3329.41
523	3329.41
524	3329.41
525	3329.41
526	3329.41
527	3329.41
528	3329.41
529	3329.41
530	3329.41
531	3329.41
532	3329.41
533	3329.41
534	3329.41
535	3329.41
536	3329.41
537	3329.41
538	3329.41
539	3329.41
540	3329.41
541	3214.53
542	3140.16
543	3031.81
544	2961.66
545	2961.66
546	2961.66
547	2961.66
548	2961.66
549	2961.66
550	2961.66
551	2961.66
552	2961.66
553	2961.66
554	2961.66
555	2961.66
556	2961.66
557	2961.66
558	2961.66
559	2961.66
560	2961.66
561	2961.66
562	2961.66
563	2961.66
564	2961.66
565	2961.66
566	2961.66
567	2961.66
568	2961.66
569	2961.66
570	2961.66
571	2961.66
572	2961.66
573	2961.66
574	2961.66
575	2961.66
576	2961.66
577	2961.66
578	2961.66
579	2961.66
580	2961.66
581	2961.66
582	2961.66
583	2961.66
584	2961.66
585	2961.66
586	2961.66
587	2961.66
588	2961.66
589	2961.66
590	2961.66
591	2961.66
592	2961.66
593	2961.66
594	2961.66
595	2961.66
596	2961.66
597	2961.66
598	2961.66
599	2961.66
600	2961.66
601	2961.66
602	2961.66
603	2961.66
604	2961.66
605	2961.66
606	2961.66
607	2961.66
608	2961.66
609	2961.66
610	2961.66
611	2961.66
612	2961.66
613	2961.66
614	2961.66
615	2961.66
616	2961.66
617	2961.66
618	2961.66
619	2961.66
620	2961.66
621	2961.66
622	2961.66
623	2961.66
624	2961.66
625	2961.66
626	2961.66
627	2961.66
628	2961.66
629	2961.66
630	2961.66
631	2961.66
632	2961.66
633	2961.66
634	2961.66
635	2961.66
636	2961.66
637	2961.66
638	2961.66
639	2961.66
640	2961.66
641	2961.66
642	2961.66
643	2961.66
644	2961.66
645	2961.66
646	2961.66
647	2961.66
648	2961.66
649	2961.66
650	2961.66
651	2961.66
652	2961.66
653	2961.66
654	2961.66
655	2961.66
656	2961.66
657	2961.66
658	2961.66
659	2961.66
660	2961.66
661	2961.66
662	2961.66
663	2961.66
664	2961.66
665	2961.66
666	2961.66
667	2961.66
668	2961.66
669	2961.66
670	2961.66
671	2961.66
672	2961.66
673	2961.66
674	2961.66
675	2961.66
676	2961.66
677	2961.66
678	2961.66
679	2961.66
680	2961.66
681	2961.66
682	2961.66
683	2961.66
684	2961.66
685	2961.66
686	2961.66
687	2961.66
688	2961.66
689	2961.66
690	2961.66
691	2961.66
692	2961.66
693	2961.66
694	2961.66
695	2961.66
696	2961.66
697	2961.66
698	2961.66
699	2961.66
700	2961.66
701	2961.66
702	2961.66
703	2961.66
704	2961.66
705	2961.66
706	2961.66
707	2961.66
708	2961.66
709	2961.66
710	2961.66
711	2961.66
712	2961.66
713	2961.66
714	2961.66
715	2961.66
716	2961.66
717	2961.66
718	2961.66
719	2961.66
720	2961.66
721	2961.66
722	2961.66
723	2961.66
724	2961.66
725	2961.66
726	2961.66
727	2961.66
728	2961.66
729	2961.66
730	2961.66
731	2961.66
732	2961.66
733	2961.66
734	2961.66
735	2961.66
736	2961.66
737	2961.66
738	2961.66
739	2961.66
740	2961.66
741	2961.66
742	2961.66
743	2961.66
744	2662.4
