TOTAL NUMBER OF SNPs
62147


CHROMOSOME 1
 NIND(real sample)=51
 NSNP=32452
 NSNP_calculations=32442
 NSNP_+2alleles=0
 NSNP_zeroes=0
 NSNP_monomorphic=10
 NIND_corrected=49.964941
 freq_MAF=0.009804
 F_dev_HW=0.023985
 G_var_bet_ind=0.511992
 Genetic distances available in map file

CHROMOSOME 2
 NIND(real sample)=51
 NSNP=29717
 NSNP_calculations=29705
 NSNP_+2alleles=0
 NSNP_zeroes=0
 NSNP_monomorphic=12
 NIND_corrected=49.857950
 freq_MAF=0.009804
 F_dev_HW=0.021455
 G_var_bet_ind=0.510728
 Genetic distances available in map file



INPUT FOR GONE


2       Phase (0: pseudohaploids; 1: known phase; 2: unknown phase)
49.913801       sample size (individuals; corrected for zeroes)
0.022776       Hardy-Weinberg deviation
158928201 0.284187 0.022755 2
382683572 0.180209 0.026573 4
127181038 0.103090 0.029782 6
63600069 0.072568 0.031277 8
36929015 0.055994 0.033357 10
50796449 0.041144 0.035977 15
26296222 0.028926 0.039417 20
15910269 0.022407 0.043618 25
10891069 0.018300 0.048484 30
7937743 0.015453 0.051208 35
6022099 0.013378 0.054725 40
4548361 0.011796 0.058675 45
3988140 0.010538 0.058190 50
3194618 0.009545 0.062650 55
2674045 0.008704 0.065291 60
2132378 0.008007 0.071793 65
1828947 0.007417 0.072689 70
1636968 0.006903 0.074328 75
1526534 0.006458 0.073127 80
1380172 0.006061 0.074269 85
1215102 0.005717 0.077590 90
1102567 0.005400 0.080395 95
976770 0.005130 0.079518 100
876144 0.004880 0.081061 105
816192 0.004652 0.086174 110
720518 0.004446 0.089700 115
704848 0.004259 0.086188 120
554789 0.004080 0.100496 125
542025 0.003921 0.091229 130
491469 0.003773 0.096703 135
464548 0.003640 0.097207 140
488655 0.003508 0.092071 145
459659 0.003389 0.095494 150
404390 0.003280 0.100938 155
382803 0.003173 0.104172 160
382337 0.003077 0.097163 165
328024 0.002984 0.102063 170
299774 0.002900 0.109865 175
273546 0.002818 0.114391 180
319617 0.002739 0.090483 185
266806 0.002667 0.103356 190
257047 0.002599 0.109874 195
257819 0.002533 0.100621 200
219619 0.002468 0.115846 205
228988 0.002410 0.106568 210
210476 0.002353 0.102758 215
213810 0.002301 0.104686 220
186878 0.002249 0.112460 225
177887 0.002198 0.117729 230
180301 0.002151 0.106728 235
161759 0.002104 0.126083 240
187161 0.002062 0.102916 245
157606 0.002018 0.112302 250
148766 0.001979 0.115592 255
135947 0.001942 0.123863 260
150276 0.001904 0.101517 265
141574 0.001870 0.116472 270
121748 0.001834 0.129875 275
117711 0.001803 0.125050 280
106822 0.001770 0.127022 285
106809 0.001739 0.121781 290
99672 0.001710 0.136725 295
127808 0.001679 0.111506 300
101541 0.001653 0.120568 305
118279 0.001626 0.103064 310
104808 0.001599 0.117162 315
110995 0.001574 0.100868 320
101078 0.001550 0.129050 325
94332 0.001528 0.119749 330
95314 0.001504 0.125444 335
92050 0.001481 0.110212 340
75425 0.001461 0.140446 345
72532 0.001438 0.138642 350
80871 0.001420 0.121069 355
77434 0.001399 0.113339 360
77784 0.001379 0.119201 365
59724 0.001360 0.135326 370
77879 0.001343 0.103897 375
81632 0.001325 0.117452 380
63679 0.001308 0.140529 385
68562 0.001291 0.135759 390
56125 0.001274 0.139950 395
65385 0.001257 0.151487 400
59282 0.001242 0.114567 405
66795 0.001227 0.121143 410
60386 0.001213 0.123980 415
59291 0.001199 0.131986 420
57902 0.001183 0.142977 425
66923 0.001170 0.130243 430
63284 0.001155 0.126734 435
49952 0.001143 0.122590 440
43798 0.001130 0.148641 445
47196 0.001117 0.145359 450
49231 0.001106 0.131755 455
59733 0.001093 0.112803 460
43296 0.001082 0.121956 465
47575 0.001071 0.142623 470
53332 0.001059 0.099091 475
43837 0.001047 0.136133 480
41555 0.001036 0.130949 485
36933 0.001025 0.152334 490
37739 0.001016 0.151583 495
33741 0.001006 0.151613 500
40944 0.000995 0.148090 505
32484 0.000986 0.152393 510
36413 0.000976 0.121015 515
33318 0.000966 0.117758 520
40455 0.000957 0.114525 525
42368 0.000948 0.109289 530
35157 0.000939 0.153007 535
31861 0.000930 0.156099 540
34307 0.000922 0.157929 545
52416 0.000914 0.118585 550
33832 0.000904 0.140322 555
45021 0.000897 0.117514 560
49068 0.000890 0.100001 565
33683 0.000882 0.132874 570
36882 0.000874 0.098115 575
26947 0.000866 0.162206 580
23465 0.000858 0.155220 585
29422 0.000851 0.137497 590
26212 0.000844 0.160841 595
28382 0.000837 0.127780 600
29015 0.000830 0.111679 605
28803 0.000823 0.162721 610
32098 0.000817 0.105702 615
34315 0.000811 0.083593 620
20296 0.000803 0.173971 625
25111 0.000796 0.107408 630
24403 0.000790 0.152689 635
22599 0.000784 0.164285 640
30881 0.000777 0.104085 645
26684 0.000772 0.132067 650
21604 0.000766 0.161626 655
22261 0.000760 0.133866 660
20965 0.000755 0.165210 665
29719 0.000748 0.102923 670
14527 0.000743 0.167557 675
20188 0.000738 0.130136 680
19527 0.000733 0.195226 685
26642 0.000728 0.125398 690
23012 0.000723 0.161393 695
24311 0.000717 0.129798 700
17046 0.000712 0.166159 705
19240 0.000706 0.157273 710
25632 0.000702 0.100472 715
19254 0.000697 0.102343 720
16998 0.000692 0.140495 725
19848 0.000688 0.113809 730
17700 0.000683 0.153915 735
21675 0.000677 0.098200 740
19894 0.000674 0.161077 745
17368 0.000669 0.150528 750
18861 0.000664 0.106564 755
16308 0.000660 0.133219 760
25121 0.000656 0.101963 765
19682 0.000652 0.099827 770
15879 0.000647 0.106463 775
19067 0.000644 0.105966 780
26444 0.000639 0.076992 785
11321 0.000635 0.180841 790
17911 0.000631 0.147831 795
13139 0.000627 0.167707 800
16733 0.000623 0.160433 805
13713 0.000619 0.169279 810
17893 0.000616 0.167879 815
13819 0.000612 0.160348 820
11005 0.000608 0.172429 825
16311 0.000604 0.101736 830
11567 0.000601 0.146813 835
14837 0.000597 0.163087 840
14900 0.000593 0.152107 845
16711 0.000590 0.169619 850
19042 0.000587 0.136096 855
19747 0.000583 0.137920 860
8923 0.000580 0.162816 865
12136 0.000576 0.163356 870
12731 0.000573 0.156918 875
10308 0.000570 0.174180 880
8702 0.000567 0.182396 885
12075 0.000564 0.153522 890
12706 0.000561 0.172657 895
16469 0.000557 0.112860 900
11313 0.000554 0.145969 905
10998 0.000551 0.169326 910
12568 0.000548 0.159213 915
10373 0.000545 0.170068 920
15882 0.000542 0.098134 925
11097 0.000539 0.149876 930
8059 0.000536 0.139629 935
15206 0.000534 0.095934 940
11268 0.000531 0.160596 945
8232 0.000528 0.172249 950
14731 0.000525 0.146372 955
11918 0.000522 0.084063 960
11950 0.000519 0.158943 965
16751 0.000516 0.159665 970
7922 0.000514 0.155526 975
17288 0.000512 0.148699 980
12454 0.000509 0.138704 985
10968 0.000506 0.076607 990
13187 0.000504 0.103756 995
14042 0.000501 0.082160 1000
13727 0.000499 0.134096 1005
10288 0.000496 0.159891 1010
23899 0.000494 0.082960 1015
12684 0.000491 0.137275 1020
7607 0.000489 0.162851 1025
14506 0.000487 0.162261 1030
5806 0.000484 0.183292 1035
5919 0.000482 0.185252 1040
11717 0.000480 0.146421 1045
9338 0.000477 0.165622 1050
7426 0.000475 0.167092 1055
15386 0.000473 0.146595 1060
7567 0.000471 0.180955 1065
6060 0.000468 0.171291 1070
7685 0.000466 0.176483 1075
10508 0.000464 0.128557 1080
9204 0.000463 0.173689 1085
11142 0.000460 0.115096 1090
9710 0.000458 0.102917 1095
7508 0.000456 0.155083 1100
6657 0.000453 0.172295 1105
15844 0.000451 0.126718 1110
12018 0.000449 0.122729 1115
6485 0.000447 0.175136 1120
6581 0.000445 0.161623 1125
6735 0.000443 0.172960 1130
9289 0.000441 0.165477 1135
6564 0.000439 0.186861 1140
11515 0.000438 0.075681 1145
5917 0.000435 0.179253 1150
3505 0.000434 0.181027 1155
7419 0.000432 0.170327 1160
10469 0.000430 0.170273 1165
5657 0.000428 0.181562 1170
5557 0.000426 0.185409 1175
6049 0.000424 0.171921 1180
7257 0.000423 0.073084 1185
14239 0.000421 0.146692 1190
5691 0.000419 0.171018 1195
11414 0.000417 0.166910 1200
5862 0.000416 0.164142 1205
7321 0.000414 0.129137 1210
11762 0.000413 0.130370 1215
3128 0.000411 0.184545 1220
5549 0.000409 0.187712 1225
9100 0.000407 0.155178 1230
5831 0.000406 0.146579 1235
12359 0.000405 0.102610 1240
5514 0.000402 0.185552 1245
3700 0.000401 0.166203 1250
6334 0.000399 0.179475 1255
10112 0.000397 0.137788 1260
3193 0.000396 0.162663 1265
6465 0.000394 0.171907 1270
3211 0.000393 0.175465 1275
8931 0.000392 0.158182 1280
3173 0.000390 0.170512 1285
9284 0.000388 0.177229 1290
3139 0.000387 0.179106 1295
8233 0.000386 0.169549 1300
3099 0.000384 0.189082 1305
5482 0.000382 0.186368 1310
5560 0.000381 0.158170 1315
7170 0.000379 0.161922 1320
3057 0.000378 0.177822 1325
3288 0.000377 0.178954 1330
6246 0.000375 0.188383 1335
5731 0.000374 0.145647 1340
8076 0.000372 0.145219 1345
3206 0.000371 0.178728 1350
3365 0.000370 0.188003 1355
12179 0.000369 0.083750 1360
4777 0.000367 0.165989 1365
3084 0.000366 0.177957 1370
7874 0.000364 0.173963 1375
2998 0.000363 0.177785 1380
2967 0.000362 0.189773 1385
9341 0.000361 0.100852 1390
4821 0.000359 0.137648 1395
4091 0.000358 0.166627 1400
7035 0.000357 0.179220 1405
3029 0.000355 0.189981 1410
3046 0.000354 0.183458 1415
3003 0.000353 0.171480 1420
3046 0.000352 0.176517 1425
8493 0.000351 0.098645 1430
7250 0.000349 0.157087 1435
8271 0.000348 0.130993 1440
5653 0.000347 0.163018 1445
7924 0.000345 0.177797 1450
3586 0.000344 0.190630 1455
3025 0.000343 0.197820 1460
4708 0.000342 0.163850 1465
2953 0.000341 0.193266 1470
3036 0.000340 0.186808 1475
7013 0.000339 0.160298 1480
2975 0.000337 0.191901 1485
4854 0.000336 0.164375 1490
2910 0.000335 0.169622 1495
3770 0.000334 0.181833 1500
3728 0.000333 0.188910 1505
3804 0.000332 0.139711 1510
4696 0.000331 0.145763 1515
7855 0.000330 0.163975 1520
6717 0.000329 0.180141 1525
2944 0.000327 0.191685 1530
4671 0.000326 0.176075 1535
4658 0.000325 0.172194 1540
2944 0.000324 0.208360 1545
5998 0.000323 0.082278 1550
2900 0.000322 0.170768 1555
2832 0.000321 0.181139 1560
3048 0.000320 0.180995 1565
2821 0.000319 0.174883 1570
9505 0.000318 0.081496 1575
2836 0.000317 0.197502 1580
3085 0.000316 0.174859 1585
4644 0.000315 0.145550 1590
4629 0.000314 0.156389 1595
8587 0.000313 0.160315 1600
2882 0.000312 0.178197 1605
4713 0.000311 0.148292 1610
2890 0.000310 0.181609 1615
2998 0.000309 0.183721 1620
4307 0.000308 0.154529 1625
2843 0.000307 0.190625 1630
5349 0.000306 0.126299 1635
3787 0.000305 0.182059 1640
485 0.000304 0.174409 1645
2762 0.000304 0.196716 1650
6775 0.000303 0.078705 1655
4698 0.000302 0.187597 1660
2928 0.000301 0.186744 1665
4565 0.000300 0.167900 1670
4643 0.000299 0.177489 1675
2794 0.000298 0.194054 1680
6363 0.000297 0.157182 1685
5362 0.000296 0.179797 1690
530 0.000295 0.132714 1695
2815 0.000295 0.188268 1700
4598 0.000294 0.158721 1705
2824 0.000293 0.181468 1710
3699 0.000292 0.175186 1715
6371 0.000291 0.128537 1720
3808 0.000290 0.166952 1725
433 0.000289 0.135400 1730
6266 0.000289 0.164034 1735
5505 0.000288 0.172588 1740
4547 0.000287 0.131472 1745
4636 0.000286 0.169743 1750
9471 0.000285 0.074450 1755
445 0.000284 0.140441 1760
4553 0.000284 0.143907 1765
4781 0.000283 0.155860 1770
4589 0.000282 0.169777 1775
2786 0.000281 0.177413 1780
612 0.000281 0.195963 1785
2800 0.000280 0.180273 1790
5848 0.000279 0.087798 1795
6418 0.000278 0.130774 1800
462 0.000277 0.153750 1805
6245 0.000277 0.152774 1810
2788 0.000276 0.193788 1815
2772 0.000275 0.184449 1820
453 0.000274 0.150137 1825
3757 0.000274 0.113323 1830
2671 0.000273 0.191992 1835
9402 0.000272 0.122522 1840
419 0.000271 0.141730 1845
2770 0.000271 0.186591 1850
3371 0.000270 0.181777 1855
3583 0.000269 0.182449 1860
398 0.000268 0.140797 1865
2810 0.000268 0.181151 1870
2729 0.000267 0.206512 1875
394 0.000266 0.125673 1880
6275 0.000266 0.158578 1885
2806 0.000265 0.186520 1890
5373 0.000264 0.158583 1895
382 0.000263 0.121168 1900
8645 0.000263 0.172066 1905
3585 0.000262 0.182061 1910
530 0.000261 0.188432 1915
4595 0.000261 0.180722 1920
2704 0.000260 0.193287 1925
388 0.000259 0.139882 1930
6202 0.000259 0.170518 1935
4481 0.000258 0.186847 1940
885 0.000257 0.183472 1945
4499 0.000257 0.190410 1950
3576 0.000256 0.179897 1955
363 0.000255 0.149562 1960
2821 0.000255 0.180096 1965
2711 0.000254 0.193511 1970
317 0.000253 0.101939 1975
5722 0.000253 0.090340 1980
2661 0.000252 0.194504 1985
